регион,"привито, чел.",% от насе-ления,"привито двумя комп., чел.","новых привитых, чел./день",дней до вакц. 50% нас.,обнов-лено,источник,"прогноз приви-тых, чел. *"
Москва,1 000 000,7.9,820 000,0,-,15.04,перейти,1 000 000
Московская обл.,663 234,8.6,340 938,9 033,353,17.04,перейти,663 234
Санкт-Петербург,495 390,9.2,342 754,6 380,344,17.04,перейти,495 390
Краснодарский край,311 900,5.49,175 000,8 575,295,16.04,перейти,320 475
Свердловская обл.,275 000,6.41,174 000,4 714,397,16.04,перейти,279 714
Самарская обл.,242 000,7.67,154 000,4 857,275,16.04,перейти,246 857
Ростовская обл.,237 350,5.68,115 903,6 464,287,17.04,перейти,237 350
Нижегородская обл.,224 548,7.07,129 169,6 544,208,17.04,перейти,224 548
Башкортостан,200 021,4.98,117 299,4 400,411,16.04,перейти,204 421
Татарстан,197 765,5.08,114 425,3 768,464,17.04,перейти,197 765
Воронежская обл.,186 654,8.1,116 647,3 808,254,16.04,перейти,190 462
Челябинская обл.,175 000,5.08,110 000,4 394,352,14.04,перейти,188 182
Белгородская обл.,174 098,11.3,105 756,4 047,147,17.04,перейти,174 098
Волгоградская обл.,160 000,6.47,66 200,5 714,189,16.04,перейти,165 714
Ставропольский край,158 000,5.66,93 000,4 000,310,17.04,перейти,158 000
Новосибирская обл.,157 184,5.64,94 416,5 312,233,16.04,перейти,162 496
Красноярский край,155 456,5.44,110 579,2 419,526,14.04,перейти,162 713
Алтайский край,148 552,6.47,80 572,3 547,282,17.04,перейти,148 552
Кемеровская обл.,147 380,5.6,93 839,3 911,299,15.04,перейти,155 202
Саратовская обл.,140 455,5.86,93 218,2 782,380,16.04,перейти,143 237
Пермский край,136 421,5.29,73 904,4 052,285,17.04,перейти,136 421
Иркутская обл.,131 742,5.55,83 713,2 475,427,16.04,перейти,134 217
Омская обл.,125 836,6.61,64 494,3 698,223,17.04,перейти,125 836
Оренбургская обл.,120 510,6.2,12 905,4 177,204,14.04,перейти,133 041
Тульская обл.,110 000,7.59,70 000,2 357,261,14.04,перейти,117 071
Ленинградская обл.,105 244,5.56,61 320,2 333,361,15.04,перейти,109 910
Кировская обл.,103 315,8.26,46 289,3 214,162,17.04,перейти,103 315
Липецкая обл.,100 000,8.86,62 900,1 757,264,15.04,перейти,103 514
Тверская обл.,97 455,7.82,15 000,1 229,427,17.04,перейти,97 455
Ивановская обл.,94 068,9.53,59 839,1 478,270,17.04,перейти,94 068
Забайкальский край,93 712,8.9,51 294,2 869,151,17.04,перейти,93 712
Крым,92 633,4.87,61 430,2 340,367,13.04,перейти,101 993
Курская обл.,92 466,8.43,60 813,1 781,256,17.04,перейти,92 466
Брянская обл.,90 820,7.68,48 000,1 399,358,15.04,перейти,93 618
Саха,89 935,9.16,54 160,2 713,148,17.04,перейти,89 935
Тюменская обл.,89 523,5.8,52 302,3 239,211,16.04,перейти,92 762
Ханты-Мансийский АО,88 840,5.26,56 399,4 068,186,13.04,перейти,105 112
Пензенская обл.,85 092,6.59,42 742,2 241,250,16.04,перейти,87 333
Приморский край,82 083,4.37,54 389,1 421,603,16.04,перейти,83 504
Мордовия,82 045,10.53,48 648,1 628,189,15.04,перейти,85 301
Тамбовская обл.,79 984,8.04,53 156,1 637,255,17.04,перейти,79 984
Ярославская обл.,78 000,6.28,52 000,2 262,240,15.04,перейти,82 524
Ульяновская обл.,72 039,5.91,45 402,3 148,171,13.04,перейти,84 631
Владимирская обл.,70 284,5.24,48 000,1 469,409,16.04,перейти,71 753
Астраханская обл.,69 474,6.96,39 206,1 557,276,17.04,перейти,69 474
Удмуртия,68 584,4.59,41 764,1 574,431,17.04,перейти,68 584
Рязанская обл.,61 311,5.58,40 000,1 193,409,16.04,перейти,62 504
Амурская обл.,60 900,7.79,43 397,1 946,170,9.04,перейти,76 468
Калужская обл.,60 863,6.08,40 000,1 266,347,14.04,перейти,64 661
Калининградская обл.,60 505,5.94,33 130,2 558,175,13.04,перейти,70 737
Архангельская обл.,60 000,5.54,40 000,1 143,421,16.04,перейти,61 143
Хабаровский край,57 526,4.42,39 721,894,663,13.04,перейти,61 102
Вологодская обл.,55 550,4.83,35 540,1 464,355,14.04,перейти,59 942
Бурятия,55 200,5.6,41 200,743,589,15.04,перейти,56 686
Чувашия,55 000,4.55,34 000,1 714,320,16.04,перейти,56 714
Карелия,52 049,8.55,32 532,1 450,174,16.04,перейти,53 499
Сахалинская обл.,51 355,10.58,35 459,784,244,17.04,перейти,51 355
Дагестан,51 322,1.64,19 949,1 703,890,17.04,перейти,51 322
Томская обл.,48 882,4.57,34 284,998,487,12.04,перейти,53 872
Курганская обл.,48 438,5.92,30 482,1 344,268,14.04,перейти,52 470
Орловская обл.,48 142,6.64,32 490,1 057,297,15.04,перейти,50 256
Коми,46 095,5.67,29 011,1 156,312,17.04,перейти,46 095
Чечня,44 000,2.94,25 498,1 228,574,14.04,перейти,47 684
Костромская обл.,43 977,7.0,30 785,1 282,211,13.04,перейти,49 105
Ямало-Ненецкий АО,41 000,7.5,28 000,857,271,17.04,перейти,41 000
Новгородская обл.,40 343,6.81,23 632,1 092,234,16.04,перейти,41 435
Мурманская обл.,40 000,5.46,29 000,614,532,12.04,перейти,43 070
Псковская обл.,36 500,5.88,23 000,1 214,225,16.04,перейти,37 714
Марий Эл,35 757,5.29,20 232,1 244,243,16.04,перейти,37 001
Смоленская обл.,35 500,3.85,26 595,981,433,27.03,перейти,56 101
Хакасия,33 579,6.31,19 829,762,305,16.04,перейти,34 341
Севастополь,32 573,6.39,18 313,1 041,214,16.04,перейти,33 614
Тыва,25 910,7.84,11 241,1 033,135,16.04,перейти,26 943
Северная Осетия,25 000,3.61,14 300,965,333,15.04,перейти,26 930
Калмыкия,22 305,8.26,7 000,1 401,80,13.04,перейти,27 909
Кабардино-Балкария,22 000,2.53,13 000,429,962,15.04,перейти,22 858
Камчатский край,19 287,6.19,14 735,382,357,14.04,перейти,20 433
Адыгея,17 720,3.83,12 095,139,1 539,15.04,перейти,17 998
Карачаево-Черкесия,16 886,3.63,10 559,708,305,12.04,перейти,20 426
Ингушетия,16 170,3.14,11 777,284,851,5.04,перейти,19 578
Алтай,14 688,6.65,8 802,388,247,16.04,перейти,15 076
Магаданская обл.,13 184,9.48,8 986,446,126,15.04,перейти,14 076
Чукотский АО,8 456,17.07,5 845,173,94,16.04,перейти,8 629
Еврейская АО,7 869,5.03,5 864,220,320,9.04,перейти,9 629
Ненецкий АО,4 700,10.59,3 181,50,350,15.04,перейти,4 800
