регион,"привито, чел.",% от насе-ления,"привито двумя комп., чел.","новых привитых, чел./день",дней до вакц. 50% нас.,обнов-лено,источник,"прогноз приви-тых, чел. *"
Москва,1 000 000,7.9,800 000,42 857,124,26.03,перейти,1 771 426
Московская обл.,600 000,7.78,,14 286,228,9.04,перейти,657 144
Санкт-Петербург,456 549,8.48,317 495,5 945,376,13.04,перейти,456 549
Свердловская обл.,267 000,6.22,174 000,4 840,388,12.04,перейти,271 840
Краснодарский край,251 875,4.43,164 000,6 901,375,9.04,перейти,279 479
Самарская обл.,219 000,6.94,145 000,4 571,297,12.04,перейти,223 571
Ростовская обл.,198 227,4.74,105 027,6 371,297,12.04,перейти,204 598
Нижегородская обл.,190 000,5.98,130 000,3 533,396,12.04,перейти,193 533
Башкортостан,177 000,4.41,108 534,3 689,496,12.04,перейти,180 689
Воронежская обл.,175 000,7.59,111 000,4 000,244,13.04,перейти,175 000
Татарстан,174 593,4.48,102 260,3 732,475,12.04,перейти,178 325
Челябинская обл.,160 000,4.65,106 000,5 781,270,12.04,перейти,165 781
Белгородская обл.,151 922,9.86,102 684,3 554,174,12.04,перейти,155 476
Красноярский край,150 000,5.25,103 741,2 177,587,12.04,перейти,152 177
Новосибирская обл.,139 692,5.01,88 451,4 080,307,12.04,перейти,143 772
Кемеровская обл.,139 000,5.28,92 000,3 147,374,13.04,перейти,139 000
Ставропольский край,138 600,4.96,81 500,3 943,319,13.04,перейти,138 600
Алтайский край,129 526,5.64,75 401,3 193,319,13.04,перейти,129 526
Волгоградская обл.,129 000,5.21,63 500,5 143,215,10.04,перейти,144 429
Саратовская обл.,126 014,5.26,87 947,2 140,501,12.04,перейти,128 154
Иркутская обл.,121 790,5.13,80 144,2 726,391,12.04,перейти,124 516
Пермский край,111 350,4.32,68 222,2 519,468,12.04,перейти,113 869
Омская обл.,105 400,5.54,58 113,3 244,261,12.04,перейти,108 644
Оренбургская обл.,104 440,5.38,12 905,3 832,226,9.04,перейти,119 768
Ленинградская обл.,97 000,5.12,59 000,2 414,352,12.04,перейти,99 414
Тульская обл.,96 000,6.62,63 000,714,880,12.04,перейти,96 714
Кировская обл.,94 614,7.57,46 289,4 392,121,12.04,перейти,99 006
Тверская обл.,91 239,7.32,15 000,1 372,387,13.04,перейти,91 239
Липецкая обл.,87 700,7.77,62 900,1 871,255,8.04,перейти,97 055
Брянская обл.,87 097,7.36,48 000,1 466,344,13.04,перейти,87 097
Крым,85 829,4.51,58 897,1 368,632,12.04,перейти,87 197
Забайкальский край,84 764,8.05,50 127,3 538,125,13.04,перейти,84 764
Ивановская обл.,84 486,8.56,53 919,1 804,227,12.04,перейти,86 290
Курская обл.,83 912,7.65,58 560,2 371,196,12.04,перейти,86 283
Ханты-Мансийский АО,79 871,4.73,55 600,2 793,274,9.04,перейти,91 043
Саха,79 818,8.13,53 589,2 524,163,13.04,перейти,79 818
Мордовия,75 526,9.7,47 548,1 924,163,12.04,перейти,77 450
Приморский край,74 034,3.94,43 650,1 331,650,11.04,перейти,76 696
Тамбовская обл.,73 324,7.37,51 157,1 622,261,13.04,перейти,73 324
Ярославская обл.,71 755,5.78,50 038,1 370,401,12.04,перейти,73 125
Тюменская обл.,70 883,4.59,50 740,2 029,345,10.04,перейти,76 970
Пензенская обл.,69 406,5.38,40 253,1 511,381,9.04,перейти,75 450
Ульяновская обл.,69 007,5.66,44 610,2 715,199,12.04,перейти,71 722
Астраханская обл.,61 212,6.13,35 478,1 493,293,13.04,перейти,61 212
Амурская обл.,60 900,7.79,43 397,1 946,170,9.04,перейти,68 684
Удмуртия,60 464,4.05,40 841,1 487,461,13.04,перейти,60 464
Владимирская обл.,60 000,4.47,42 722,800,764,9.04,перейти,63 200
Калужская обл.,60 000,5.99,39 000,1 143,385,12.04,перейти,61 143
Хабаровский край,57 526,4.42,39 721,894,663,13.04,перейти,57 526
Калининградская обл.,56 190,5.52,33 049,1 942,233,9.04,перейти,63 958
Рязанская обл.,52 960,4.82,36 179,923,538,9.04,перейти,56 652
Архангельская обл.,52 500,4.85,36 969,357,1 369,12.04,перейти,52 857
Бурятия,52 473,5.32,40 583,1 341,328,9.04,перейти,57 837
Чувашия,49 000,4.06,32 000,857,648,12.04,перейти,49 857
Томская обл.,48 882,4.57,34 284,998,487,12.04,перейти,49 880
Вологодская обл.,48 650,4.23,34 236,1 471,358,9.04,перейти,54 534
Карелия,47 734,7.84,31 686,1 391,185,13.04,перейти,47 734
Сахалинская обл.,46 861,9.65,33 607,770,254,12.04,перейти,47 631
Орловская обл.,45 800,6.32,31 528,899,352,13.04,перейти,45 800
Дагестан,45 507,1.45,19 949,1 738,875,13.04,перейти,45 507
Костромская обл.,42 500,6.76,30 000,1 071,254,10.04,перейти,45 713
Чечня,40 000,2.67,25 498,1 571,451,12.04,перейти,41 571
Мурманская обл.,40 000,5.46,29 000,614,532,12.04,перейти,40 614
Курганская обл.,39 028,4.77,22 314,1 207,307,5.04,перейти,48 684
Коми,38 000,4.67,25 402,1 143,323,9.04,перейти,42 572
Ямало-Ненецкий АО,36 668,6.7,27 601,827,286,12.04,перейти,37 495
Новгородская обл.,35 847,6.05,22 865,1 167,223,12.04,перейти,37 014
Смоленская обл.,35 500,3.85,26 595,981,433,27.03,перейти,52 177
Псковская обл.,33 500,5.4,22 500,786,352,13.04,перейти,33 500
Марий Эл,31 312,4.64,19 586,932,329,12.04,перейти,32 244
Хакасия,29 674,5.58,18 821,730,324,12.04,перейти,30 404
Севастополь,27 119,5.32,16 649,561,406,13.04,перейти,27 119
Северная Осетия,23 092,3.33,13 959,693,467,12.04,перейти,23 785
Тыва,21 873,6.62,11 076,1 110,129,12.04,перейти,22 983
Калмыкия,21 000,7.78,7 000,1 214,94,12.04,перейти,22 214
Кабардино-Балкария,20 000,2.3,12 000,571,726,9.04,перейти,22 284
Камчатский край,18 413,5.91,14 103,299,460,12.04,перейти,18 712
Адыгея,16 748,3.62,11 600,290,741,8.04,перейти,18 198
Ингушетия,16 170,3.14,11 777,284,851,5.04,перейти,18 442
Карачаево-Черкесия,15 265,3.28,10 048,476,457,9.04,перейти,17 169
Алтай,13 134,5.94,8 720,389,250,12.04,перейти,13 523
Магаданская обл.,12 088,8.69,8 786,290,198,12.04,перейти,12 378
Еврейская АО,7 869,5.03,5 864,220,320,9.04,перейти,8 749
Чукотский АО,7 624,15.39,4 957,75,229,12.04,перейти,7 699
Ненецкий АО,4 621,10.41,3 041,64,275,12.04,перейти,4 685
