регион,"привито, чел.",% от насе-ления,% от плана ***,"привито двумя комп., чел.","новых привитых, чел./день",дней до вакц. 50% нас.,дней до вып. плана,обнов-лено,"2 комп./1 комп., %","план, % от нас."
Москва,2 000 000,15.8,31.71,1 500 000,30 612,141,141,22.06,75.0,49.83
Московская обл.,1 342 607,17.42,33.57,1 000 000,18 230,138,146,25.06,74.48,51.9
Санкт-Петербург,848 787,15.76,70.73,693 034,9 259,199,38,26.06,81.65,22.28
Краснодарский край,735 599,12.94,27.24,572 368,2 543,828,772,25.06,77.81,47.5
Свердловская обл.,585 448,13.65,39.03,460 000,7 554,206,121,25.06,78.57,34.97
Ростовская обл.,581 970,13.92,34.23,457 289,7 293,207,153,26.06,78.58,40.66
Татарстан,502 659,12.91,27.17,365 421,7 270,199,185,26.06,72.7,47.51
Самарская обл.,500 000,15.85,33.33,390 000,6 572,164,152,25.06,78.0,47.55
Башкортостан,489 475,12.19,24.47,361 507,10 190,149,148,25.06,73.86,49.81
Нижегородская обл.,452 400,14.24,29.63,338 000,6 438,176,167,26.06,74.71,48.06
Белгородская обл.,426 833,27.69,56.91,310 285,6 389,54,51,26.06,72.69,48.65
Новосибирская обл.,399 000,14.32,30.69,309 520,5 290,188,170,24.06,77.57,46.66
Волгоградская обл.,379 000,15.32,54.14,300 000,4 657,184,69,25.06,79.16,28.3
Кемеровская обл.,363 100,13.79,29.38,257 200,6 871,139,127,25.06,70.83,46.94
Челябинская обл.,358 000,10.4,22.38,306 530,2 608,523,476,25.06,85.62,46.48
Иркутская обл.,344 838,14.52,34.48,263 709,4 252,198,154,26.06,76.47,42.11
Красноярский край,342 541,11.99,26.35,281 492,2 603,417,368,24.06,82.18,45.5
Саратовская обл.,335 529,14.01,27.87,255 765,4 552,189,191,25.06,76.23,50.27
Воронежская обл.,330 000,14.31,28.04,282 500,1 548,532,547,22.06,85.61,51.04
Ставропольский край,320 502,11.48,24.65,258 213,3 215,335,305,25.06,80.57,46.56
Алтайский край,318 837,13.88,17.14,253 271,4 402,188,350,26.06,79.44,80.97
Ханты-Мансийский АО,313 811,18.59,41.84,240 962,4 091,130,107,24.06,76.79,44.43
Пермский край,302 287,11.72,25.19,240 251,3 736,264,240,26.06,79.48,46.53
Тюменская обл.,300 000,19.44,42.86,211 000,4 265,111,94,25.06,70.33,45.36
Крым,290 927,15.3,25.5,225 000,3 147,210,270,24.06,77.34,60.0
Оренбургская обл.,285 617,14.7,31.89,233 070,3 364,204,181,25.06,81.6,46.09
Омская обл.,267 573,14.06,29.44,213 210,3 006,228,213,26.06,79.68,47.76
Тульская обл.,229 000,15.8,31.55,176 137,2 276,218,218,25.06,76.92,50.09
Ленинградская обл.,228 175,12.06,30.42,180 260,2 420,297,216,25.06,79.0,39.64
Кировская обл.,206 000,16.48,28.81,167 000,2 000,210,255,25.06,81.07,57.2
Приморский край,205 970,10.97,32.37,152 176,3 105,236,139,26.06,73.88,33.89
Саха,199 707,20.34,28.73,165 409,1 432,203,346,26.06,82.83,70.8
Забайкальский край,192 149,18.24,40.52,158 484,1 882,178,150,26.06,82.48,45.02
Чечня,188 000,12.55,33.27,83 535,5 828,96,65,25.06,44.43,37.72
Липецкая обл.,181 476,16.09,33.21,148 152,2 790,137,131,24.06,81.64,48.45
Брянская обл.,175 545,14.84,30.96,77 441,3 232,129,121,25.06,44.11,47.93
Бурятия,170 881,17.34,39.6,131 258,2 505,128,104,26.06,76.81,43.78
Курская обл.,170 716,15.57,31.97,139 296,2 218,170,164,26.06,81.6,48.7
Удмуртия,169 431,11.35,37.65,131 888,3 233,179,87,26.06,77.84,30.15
Мордовия,168 666,21.65,43.44,137 765,2 188,101,100,25.06,81.68,49.84
Ивановская обл.,167 723,16.99,38.89,130 076,2 693,121,98,26.06,77.55,43.68
Тверская обл.,166 301,13.35,27.95,153 993,2 127,215,202,26.06,92.6,47.76
Пензенская обл.,166 071,12.86,26.08,133 096,1 727,278,272,23.06,80.14,49.3
Астраханская обл.,165 678,16.6,38.98,126 109,2 435,137,106,26.06,76.12,42.58
Ульяновская обл.,161 783,13.28,34.72,128 285,1 703,263,179,22.06,79.29,38.25
Тамбовская обл.,159 336,16.02,32.16,124 102,1 837,184,183,26.06,77.89,49.81
Ярославская обл.,152 000,12.24,25.06,115 000,1 574,298,289,25.06,75.66,48.84
Хабаровский край,147 148,11.31,24.0,115 781,1 674,301,278,26.06,78.68,47.12
Калининградская обл.,144 040,14.14,38.41,118 954,1 558,234,148,25.06,82.58,36.81
Чувашия,140 000,11.59,23.81,114 000,1 293,359,346,25.06,81.43,48.68
Архангельская обл.,138 946,12.83,30.73,117 866,1 011,398,310,23.06,84.83,41.76
Дагестан,136 781,4.37,10.13,19 949,2 409,594,504,26.06,14.58,43.13
Вологодская обл.,136 628,11.87,25.25,112 181,947,463,427,23.06,82.11,47.0
Владимирская обл.,136 497,10.17,22.75,103 000,2 786,192,166,24.06,75.46,44.7
Томская обл.,132 500,12.38,26.6,107 486,1 214,332,301,24.06,81.12,46.55
Рязанская обл.,126 000,11.47,23.28,87 718,1 143,370,363,23.06,69.62,49.27
Коми,124 680,15.32,32.9,99 596,1 724,164,148,25.06,79.88,46.57
Курганская обл.,123 000,15.03,31.58,98 000,804,356,332,22.06,79.67,47.6
Амурская обл.,119 000,15.22,32.8,99 181,922,295,264,22.06,83.35,46.4
Калужская обл.,118 932,11.88,24.39,95 200,1 036,368,356,22.06,80.05,48.71
Мурманская обл.,110 816,15.12,31.82,93 507,781,327,304,25.06,84.38,47.51
Смоленская обл.,109 537,11.89,23.65,87 849,1 325,265,267,26.06,80.2,50.28
Ямало-Ненецкий АО,100 768,18.42,41.3,82 000,1 110,156,129,25.06,81.38,44.6
Сахалинская обл.,98 506,20.28,42.22,72 778,1 619,89,83,26.06,73.88,48.04
Карелия,95 609,15.7,32.9,78 970,922,227,212,24.06,82.6,47.72
Орловская обл.,91 983,12.69,25.87,76 961,696,388,379,25.06,83.67,49.05
Костромская обл.,87 234,13.88,28.86,67 841,1 196,190,180,26.06,77.77,48.09
Новгородская обл.,82 159,13.87,28.6,66 728,953,225,215,24.06,81.22,48.5
Севастополь,79 985,15.68,36.52,65 228,947,185,147,26.06,81.55,42.93
Марий Эл,74 208,10.99,23.4,57 700,905,291,268,26.06,77.75,46.97
Псковская обл.,71 700,11.56,23.45,58 400,750,318,312,24.06,81.45,49.3
Хакасия,70 649,13.28,29.19,56 518,683,286,251,23.06,80.0,45.49
Тыва,60 448,18.3,48.63,47 641,645,162,99,24.06,78.81,37.63
Карачаево-Черкесия,59 000,12.68,27.31,46 982,478,363,328,25.06,79.63,46.42
Северная Осетия,56 815,8.2,17.77,41 422,649,446,405,23.06,72.91,46.16
Кабардино-Балкария,56 000,6.44,14.11,37 000,1 725,219,198,24.06,66.07,45.64
Ингушетия,47 580,9.23,22.73,31 531,438,480,369,9.06,66.27,40.61
Камчатский край,40 165,12.89,27.14,33 712,451,256,239,25.06,83.93,47.5
Калмыкия,40 000,14.82,32.52,34 000,238,399,349,17.06,85.0,45.57
Адыгея,39 951,8.63,20.8,30 632,600,319,254,23.06,76.67,41.5
Алтай,35 397,16.02,42.21,27 535,337,223,144,24.06,77.79,37.96
Магаданская обл.,27 774,19.98,66.13,23 642,205,204,69,26.06,85.12,30.21
Еврейская АО,20 419,13.05,28.32,14 690,390,148,133,24.06,71.94,46.08
Чукотский АО,14 749,29.78,65.25,12 069,120,83,65,23.06,81.83,45.64
Ненецкий АО,9 500,21.4,49.28,7 294,47,270,208,16.06,76.78,43.42
