регион,"привито, чел.",% от насе-ления,"привито двумя комп., чел.","новых привитых, чел./день",дней до вакц. 50% нас.,обнов-лено,источник,"прогноз приви-тых, чел. *"
Москва,1 300 000,10.27,820 000,42 857,117,14.05,перейти,1 300 000
Московская обл.,900 000,11.68,340 938,10 000,295,11.05,перейти,930 000
Санкт-Петербург,606 880,11.27,507 555,3 227,646,14.05,перейти,606 880
Краснодарский край,464 892,8.18,210 680,7 127,334,14.05,перейти,464 892
Свердловская обл.,419 617,9.78,321 170,4 517,382,13.05,перейти,424 134
Ростовская обл.,357 745,8.56,251 570,4 442,390,14.05,перейти,357 745
Самарская обл.,333 000,10.56,254 000,3 571,348,13.05,перейти,336 571
Башкортостан,303 127,7.55,215 428,2 662,640,14.05,перейти,303 127
Нижегородская обл.,300 000,9.44,220 000,2 684,480,13.05,перейти,302 684
Татарстан,282 858,7.26,192 658,2 729,610,13.05,перейти,285 587
Новосибирская обл.,253 000,9.08,178 000,2 696,423,14.05,перейти,253 000
Челябинская обл.,251 000,7.29,200 129,5 857,251,14.05,перейти,251 000
Белгородская обл.,247 536,16.06,179 321,1 912,274,14.05,перейти,247 536
Воронежская обл.,245 000,10.63,201 000,3 571,254,14.05,перейти,245 000
Волгоградская обл.,237 000,9.58,172 000,1 817,551,13.05,перейти,238 817
Красноярский край,232 940,8.16,165 861,4 706,254,11.05,перейти,247 058
Иркутская обл.,220 079,9.27,149 191,2 660,364,14.05,перейти,220 079
Ставропольский край,217 000,7.77,160 000,1 857,635,14.05,перейти,217 000
Кемеровская обл.,213 307,8.1,157 000,1 758,628,14.05,перейти,213 307
Алтайский край,211 910,9.23,161 511,1 512,619,14.05,перейти,211 910
Саратовская обл.,202 923,8.47,154 066,1 775,560,14.05,перейти,202 923
Пермский край,195 451,7.58,148 754,1 945,563,14.05,перейти,195 451
Оренбургская обл.,191 000,9.83,12 905,2 158,362,13.05,перейти,193 158
Омская обл.,181 181,9.52,136 327,1 388,555,14.05,перейти,181 181
Крым,179 749,9.45,118 779,2 536,304,13.05,перейти,182 285
Ханты-Мансийский АО,170 692,10.11,102 269,4 195,160,11.05,перейти,183 277
Тюменская обл.,168 496,10.92,98 407,4 061,149,14.05,перейти,168 496
Ленинградская обл.,154 214,8.15,116 841,989,801,14.05,перейти,154 214
Тульская обл.,152 000,10.49,123 000,571,1 003,14.05,перейти,152 000
Кировская обл.,142 921,11.43,107 820,1 411,342,13.05,перейти,144 332
Забайкальский край,139 781,13.27,103 897,1 844,210,14.05,перейти,139 781
Липецкая обл.,125 000,11.08,102 000,714,615,11.05,перейти,127 142
Курская обл.,121 627,11.09,101 293,1 696,252,14.05,перейти,121 627
Приморский край,119 678,6.37,90 000,1 772,462,14.05,перейти,119 678
Тверская обл.,118 808,9.54,104 994,591,853,14.05,перейти,118 808
Ивановская обл.,117 691,11.92,95 800,566,664,14.05,перейти,117 691
Саха,117 011,11.92,97 957,1 137,329,14.05,перейти,117 011
Мордовия,114 519,14.7,92 360,786,350,14.05,перейти,114 519
Брянская обл.,113 400,9.59,48 000,914,523,14.05,перейти,113 400
Пензенская обл.,113 018,8.75,89 791,594,896,13.05,перейти,113 612
Ярославская обл.,108 000,8.7,79 110,1 143,449,13.05,перейти,109 143
Тамбовская обл.,105 171,10.58,81 720,978,401,14.05,перейти,105 171
Ульяновская обл.,104 997,8.62,79 144,523,964,11.05,перейти,106 566
Удмуртия,102 943,6.89,72 789,1 076,598,14.05,перейти,102 943
Бурятия,101 831,10.33,68 476,2 833,138,14.05,перейти,101 831
Архангельская обл.,100 400,9.27,71 667,2 837,155,14.05,перейти,100 400
Астраханская обл.,100 000,10.02,75 000,1 025,389,14.05,перейти,100 000
Калининградская обл.,95 296,9.36,67 784,982,422,11.05,перейти,98 242
Вологодская обл.,95 000,8.25,70 000,1 571,306,14.05,перейти,95 000
Хабаровский край,93 000,7.15,60 000,705,791,14.05,перейти,93 000
Владимирская обл.,90 570,6.75,71 770,653,889,12.05,перейти,91 876
Рязанская обл.,89 799,8.18,69 461,1 318,349,14.05,перейти,89 799
Амурская обл.,85 914,10.99,65 595,862,354,7.05,перейти,91 948
Калужская обл.,82 000,8.19,62 629,306,1 368,11.05,перейти,82 918
Чувашия,81 000,6.71,55 000,1 714,305,6.05,перейти,94 712
Коми,80 515,9.9,52 981,850,384,12.05,перейти,82 215
Томская обл.,80 135,7.49,57 137,611,745,11.05,перейти,81 968
Дагестан,77 245,2.47,19 949,878,1 696,14.05,перейти,77 245
Мурманская обл.,76 000,10.37,57 511,1 571,185,12.05,перейти,79 142
Курганская обл.,74 244,9.07,52 865,3 687,91,11.05,перейти,85 305
Смоленская обл.,71 049,7.71,57 623,470,829,14.05,перейти,71 049
Карелия,70 787,11.62,55 458,960,243,14.05,перейти,70 787
Ямало-Ненецкий АО,70 000,12.8,49 000,714,285,14.05,перейти,70 000
Сахалинская обл.,67 572,13.91,53 931,430,408,14.05,перейти,67 572
Орловская обл.,66 395,9.16,52 441,945,313,13.05,перейти,67 340
Чечня,63 626,4.25,25 498,1 089,629,7.05,перейти,71 249
Костромская обл.,62 504,9.95,43 981,403,625,14.05,перейти,62 504
Севастополь,55 894,10.96,40 638,797,250,14.05,перейти,55 894
Новгородская обл.,55 166,9.31,37 898,930,259,11.05,перейти,57 956
Марий Эл,51 089,7.57,40 648,441,650,14.05,перейти,51 089
Псковская обл.,50 000,8.06,38 700,371,701,13.05,перейти,50 371
Хакасия,48 299,9.08,37 519,380,573,14.05,перейти,48 299
Тыва,42 258,12.79,23 390,417,295,14.05,перейти,42 258
Северная Осетия,35 774,5.16,25 445,622,500,12.05,перейти,37 018
Калмыкия,34 000,12.59,10 000,571,177,11.05,перейти,35 713
Карачаево-Черкесия,33 591,7.22,19 034,504,395,13.05,перейти,34 095
Камчатский край,30 328,9.73,22 977,816,154,13.05,перейти,31 144
Кабардино-Балкария,29 147,3.35,22 700,450,901,13.05,перейти,29 597
Ингушетия,25 000,4.85,15 352,450,517,30.04,перейти,31 300
Алтай,22 911,10.37,18 140,195,449,14.05,перейти,22 911
Адыгея,20 955,4.52,15 500,462,456,30.04,перейти,27 423
Магаданская обл.,20 219,14.54,14 679,173,285,13.05,перейти,20 392
Чукотский АО,10 700,21.6,8 200,67,210,12.05,перейти,10 834
Еврейская АО,10 000,6.39,7 881,165,414,5.05,перейти,11 485
Ненецкий АО,6 952,15.66,4 938,118,129,12.05,перейти,7 188
