регион,"привито, чел.",% от насе-ления,% от плана ***,"привито двумя комп., чел.","новых привитых, чел./день",дней до вакц. 50% нас.,дней до вып. плана,обнов-лено,источник,"прогноз приви-тых, чел. *","2 комп./1 комп., %"
Москва,1 500 000,11.85,,1 300 000,14 286,338,,26.05,перейти,1 542 858,86.67
Московская обл.,1 040 000,13.49,26.0,340 938,20 000,141,148.0,24.05,перейти,1 140 000,32.78
Санкт-Петербург,677 650,12.59,56.47,567 538,4 822,418,108.0,28.05,перейти,682 472,83.75
Краснодарский край,550 548,9.69,20.39,428 231,6 389,359,336.0,28.05,перейти,556 937,77.78
Свердловская обл.,462 612,10.78,,380 913,2 991,562,,28.05,перейти,465 603,82.34
Ростовская обл.,439 436,10.51,25.85,329 319,4 393,376,287.0,29.05,перейти,439 436,74.94
Самарская обл.,375 000,11.89,25.0,300 000,6 000,200,188.0,24.05,перейти,405 000,80.0
Башкортостан,351 918,8.77,,269 318,5 203,318,,28.05,перейти,357 121,76.53
Татарстан,348 038,8.94,18.81,243 658,4 683,341,321.0,28.05,перейти,352 721,70.01
Нижегородская обл.,332 500,10.47,33.25,275 000,2 857,440,234.0,25.05,перейти,343 928,82.71
Новосибирская обл.,302 708,10.87,23.29,226 416,3 287,332,303.0,28.05,перейти,305 995,74.8
Белгородская обл.,299 546,19.44,39.94,221 296,3 358,140,134.0,29.05,перейти,299 546,73.88
Челябинская обл.,291 000,8.45,18.19,232 350,2 286,626,573.0,28.05,перейти,293 286,79.85
Волгоградская обл.,281 000,11.36,,217 994,6 000,159,,26.05,перейти,299 000,77.58
Воронежская обл.,277 000,12.01,23.53,226 000,2 901,302,310.0,27.05,перейти,282 802,81.59
Иркутская обл.,261 541,11.01,26.15,191 715,2 837,326,260.0,28.05,перейти,264 378,73.3
Кемеровская обл.,260 000,9.87,21.04,167 200,6 670,158,146.0,24.05,перейти,293 350,64.31
Ставропольский край,254 068,9.1,19.54,198 042,2 697,424,388.0,28.05,перейти,256 765,77.95
Красноярский край,253 932,8.89,19.53,191 109,2 999,391,349.0,18.05,перейти,286 921,75.26
Саратовская обл.,248 273,10.37,20.62,187 951,3 050,311,313.0,28.05,перейти,251 323,75.7
Алтайский край,246 988,10.76,22.45,197 973,2 276,396,375.0,29.05,перейти,246 988,80.15
Пермский край,234 315,9.08,,179 623,3 004,351,,29.05,перейти,234 315,76.66
Крым,224 079,11.78,19.64,166 429,5 245,139,175.0,28.05,перейти,229 324,74.27
Оренбургская обл.,223 882,11.52,25.0,12 905,2 163,346,311.0,27.05,перейти,228 208,5.76
Ханты-Мансийский АО,222 360,13.18,29.65,152 164,3 933,158,134.0,25.05,перейти,238 092,68.43
Тюменская обл.,215 429,13.96,,137 203,5 106,109,,28.05,перейти,220 535,63.69
Омская обл.,207 760,10.91,22.86,166 127,1 924,387,364.0,28.05,перейти,209 684,79.96
Ленинградская обл.,181 969,9.61,24.26,177 297,1 899,403,299.0,29.05,перейти,181 969,97.43
Тульская обл.,170 000,11.73,29.85,140 000,2 571,216,155.0,24.05,перейти,182 855,82.35
Забайкальский край,160 254,15.21,33.79,122 901,948,387,331.0,28.05,перейти,161 202,76.69
Кировская обл.,160 000,12.8,,123 000,1 286,362,,26.05,перейти,163 858,76.88
Саха,157 790,16.07,22.7,108 005,2 980,112,180.0,28.05,перейти,160 770,68.45
Приморский край,146 934,7.82,23.09,105 880,1 855,427,264.0,28.05,перейти,148 789,72.06
Курская обл.,136 133,12.42,23.88,114 584,959,430,452.0,28.05,перейти,137 092,84.17
Липецкая обл.,135 400,12.0,,120 000,0,-,,27.05,перейти,135 400,88.63
Мордовия,133 181,17.1,27.79,107 052,1 285,199,269.0,28.05,перейти,134 466,80.38
Тверская обл.,132 340,10.62,,104 994,952,515,,29.05,перейти,132 340,79.34
Брянская обл.,130 847,11.06,23.08,48 000,1 121,411,389.0,28.05,перейти,131 968,36.68
Пензенская обл.,129 677,10.05,20.37,109 271,1 522,339,333.0,27.05,перейти,132 721,84.26
Ивановская обл.,129 640,13.13,,108 747,858,424,,28.05,перейти,130 498,83.88
Ульяновская обл.,126 316,10.37,25.26,98 897,1 266,381,295.0,27.05,перейти,128 848,78.29
Астраханская обл.,122 528,12.28,28.83,91 546,1 412,267,214.0,29.05,перейти,122 528,74.71
Тамбовская обл.,122 022,12.27,24.63,93 671,1 139,329,328.0,28.05,перейти,123 161,76.77
Ярославская обл.,117 104,9.43,,96 619,1 121,449,,24.05,перейти,122 709,82.51
Бурятия,117 000,11.87,,80 000,2 167,173,,24.05,перейти,127 835,68.38
Удмуртия,115 932,7.76,,88 345,1 143,552,,28.05,перейти,117 075,76.2
Вологодская обл.,114 000,9.9,20.92,85 000,2 000,231,216.0,28.05,перейти,116 000,74.56
Архангельская обл.,113 314,10.47,25.06,88 612,1 104,388,307.0,26.05,перейти,116 626,78.2
Калининградская обл.,110 317,10.83,29.42,86 629,1 045,382,253.0,26.05,перейти,113 452,78.53
Чувашия,107 000,8.86,18.16,75 440,2 000,248,241.0,27.05,перейти,111 000,70.5
Хабаровский край,107 000,8.22,,70 000,1 500,362,,24.05,перейти,114 500,65.42
Владимирская обл.,102 480,7.64,17.08,84 000,926,614,537.0,26.05,перейти,105 258,81.97
Томская обл.,102 114,9.54,20.5,72 784,1 501,289,264.0,26.05,перейти,106 617,71.28
Рязанская обл.,100 000,9.11,18.48,80 000,1 220,368,362.0,26.05,перейти,103 660,80.0
Амурская обл.,98 208,12.56,27.07,78 213,991,295,267.0,25.05,перейти,102 172,79.64
Калужская обл.,94 957,9.49,19.51,72 683,1 049,387,373.0,27.05,перейти,97 055,76.54
Дагестан,93 095,2.97,11.91,19 949,1 006,1 465,684.0,29.05,перейти,93 095,21.43
Курганская обл.,92 590,11.31,,68 544,1 584,200,,24.05,перейти,100 510,74.03
Коми,89 000,10.94,23.48,63 585,1 212,262,239.0,21.05,перейти,98 696,71.44
Мурманская обл.,88 225,12.04,,70 800,1 032,270,,26.05,перейти,91 321,80.25
Смоленская обл.,84 245,9.15,,66 899,949,397,,28.05,перейти,85 194,79.41
Ямало-Ненецкий АО,79 500,14.53,32.58,63 000,786,247,209.0,27.05,перейти,81 072,79.25
Карелия,77 588,12.74,26.7,63 083,745,305,286.0,26.05,перейти,79 823,81.31
Чечня,77 000,5.14,13.8,45 000,1 429,470,337.0,27.05,перейти,79 858,58.44
Сахалинская обл.,75 182,15.48,32.22,64 067,502,334,315.0,29.05,перейти,75 182,85.22
Орловская обл.,74 550,10.29,20.97,61 408,645,446,436.0,28.05,перейти,75 195,82.37
Костромская обл.,68 852,10.96,,55 378,550,446,,28.05,перейти,69 402,80.43
Новгородская обл.,64 485,10.89,,51 280,527,440,,27.05,перейти,65 539,79.52
Севастополь,63 766,12.5,,51 686,582,329,,28.05,перейти,64 348,81.06
Псковская обл.,57 800,9.32,,46 300,529,477,,28.05,перейти,58 329,80.1
Марий Эл,57 238,8.48,18.05,47 180,556,504,468.0,28.05,перейти,57 794,82.43
Хакасия,56 378,10.6,23.3,44 270,572,367,325.0,28.05,перейти,56 950,78.52
Тыва,47 046,14.24,37.94,33 013,478,247,161.0,24.05,перейти,49 436,70.17
Карачаево-Черкесия,45 007,9.67,,29 907,850,221,,28.05,перейти,45 857,66.45
Северная Осетия,40 234,5.8,,29 409,637,481,,21.05,перейти,45 330,73.09
Калмыкия,34 685,12.85,28.2,25 443,669,150,132.0,15.05,перейти,44 051,73.35
Камчатский край,33 633,10.79,22.73,28 411,191,640,599.0,28.05,перейти,33 824,84.47
Кабардино-Балкария,33 118,3.81,,26 033,369,1 088,,25.05,перейти,34 594,78.61
Ингушетия,31 698,6.15,,23 300,957,236,,17.05,перейти,43 182,73.51
Адыгея,29 000,6.26,15.1,22 000,865,234,189.0,27.05,перейти,30 730,75.86
Алтай,26 464,11.98,31.55,19 938,279,301,206.0,27.05,перейти,27 022,75.34
Магаданская обл.,22 318,16.05,53.14,18 592,127,372,155.0,28.05,перейти,22 445,83.3
Еврейская АО,13 000,8.31,,9 700,143,456,,26.05,перейти,13 429,74.62
Чукотский АО,12 504,25.25,55.32,9 931,175,70,58.0,26.05,перейти,13 029,79.42
Ненецкий АО,7 500,16.9,,5 600,78,188,,20.05,перейти,8 202,74.67
