регион,"привито, чел.",% от насе-ления,% от плана ***,"привито двумя комп., чел.","новых привитых, чел./день",дней до вакц. 50% нас.,дней до вып. плана,обнов-лено,"2 комп./1 комп., %"
Москва,1 500 000,11.85,,1 300 000,14 286,338,,26.05,86.67
Московская обл.,1 075 000,13.95,26.88,1 000 000,5 000,556,585,31.05,93.02
Санкт-Петербург,694 264,12.89,57.86,576 570,4 918,406,103,1.06,83.05
Краснодарский край,550 548,9.69,20.39,428 231,6 389,359,336,28.05,77.78
Свердловская обл.,462 612,10.78,,380 913,2 991,562,,28.05,82.34
Ростовская обл.,451 102,10.79,26.54,339 227,3 801,431,329,2.06,75.2
Самарская обл.,400 000,12.68,26.67,320 000,3 571,330,308,1.06,80.0
Татарстан,371 870,9.55,20.1,265 842,5 162,305,286,2.06,71.49
Башкортостан,370 624,9.23,,281 772,3 245,504,,2.06,76.03
Нижегородская обл.,350 000,11.02,35.0,275 000,3 000,413,217,31.05,78.57
Красноярский край,335 000,11.73,25.77,191 109,11 581,94,83,1.06,57.05
Белгородская обл.,312 554,20.28,41.67,225 157,3 936,116,111,2.06,72.04
Новосибирская обл.,311 216,11.17,23.94,233 822,3 017,359,328,1.06,75.13
Волгоградская обл.,300 000,12.12,,227 000,3 214,292,,1.06,75.67
Челябинская обл.,300 000,8.71,18.75,247 963,1 787,795,727,2.06,82.65
Воронежская обл.,292 476,12.69,24.85,233 400,2 854,301,310,1.06,79.8
Иркутская обл.,269 407,11.34,26.94,200 476,2 480,370,295,1.06,74.41
Кемеровская обл.,264 000,10.02,21.36,167 200,571,1 844,1 702,31.05,63.33
Ставропольский край,259 334,9.29,19.95,203 000,2 183,521,477,31.05,78.28
Алтайский край,253 440,11.04,23.04,201 212,2 120,422,399,2.06,79.39
Саратовская обл.,248 273,10.37,20.62,194 184,3 050,311,313,1.06,78.21
Ханты-Мансийский АО,245 187,14.53,32.69,166 506,3 261,184,155,1.06,67.91
Пермский край,240 269,9.32,,184 590,2 321,452,,2.06,76.83
Оренбургская обл.,238 320,12.27,26.61,12 905,3 270,224,201,2.06,5.41
Крым,232 866,12.25,20.41,170 076,3 221,223,282,2.06,73.04
Тюменская обл.,215 429,13.96,,137 203,5 106,109,,28.05,63.69
Омская обл.,214 845,11.29,23.64,171 453,1 665,443,417,2.06,79.8
Тульская обл.,188 000,12.97,33.01,149 000,2 571,209,148,2.06,79.26
Ленинградская обл.,186 955,9.88,24.93,145 102,1 768,430,318,2.06,77.61
Саха,170 550,17.37,24.54,112 954,3 103,103,169,2.06,66.23
Забайкальский край,163 231,15.49,34.42,128 437,695,523,448,2.06,78.68
Кировская обл.,160 000,12.8,,123 000,1 286,362,,26.05,76.88
Приморский край,153 262,8.16,24.08,110 985,1 895,415,255,2.06,72.42
Липецкая обл.,147 900,13.11,,123 400,1 786,233,,2.06,83.43
Курская обл.,138 778,12.66,24.35,116 112,1 079,379,400,1.06,83.67
Мордовия,136 146,17.48,28.41,109 031,1 165,217,295,1.06,80.08
Пензенская обл.,134 000,10.38,21.05,112 000,1 186,431,424,1.06,83.58
Тверская обл.,133 964,10.75,,104 994,981,498,,1.06,78.37
Ульяновская обл.,132 169,10.85,28.36,101 798,1 386,344,241,31.05,77.02
Ивановская обл.,132 089,13.38,,110 124,804,450,,1.06,83.37
Брянская обл.,130 847,11.06,23.08,48 000,1 121,411,389,28.05,36.68
Астраханская обл.,126 600,12.69,29.79,93 968,1 399,266,213,2.06,74.22
Тамбовская обл.,126 449,12.72,25.52,96 413,1 063,349,347,2.06,76.25
Бурятия,126 000,12.79,,80 000,1 286,285,,2.06,63.49
Калининградская обл.,120 000,11.78,32.0,86 629,1 429,272,178,1.06,72.19
Архангельская обл.,118 434,10.94,26.19,92 794,1 589,266,210,30.05,78.35
Удмуртия,117 987,7.9,,94 209,625,1 006,,2.06,79.85
Ярославская обл.,117 104,9.43,,96 619,1 121,449,,24.05,82.51
Хабаровский край,116 630,8.96,,86 742,1 376,388,,2.06,74.37
Вологодская обл.,115 000,9.99,21.1,87 000,1 143,403,376,31.05,75.65
Чувашия,107 000,8.86,18.16,75 440,2 000,248,241,27.05,70.5
Рязанская обл.,105 000,9.56,19.4,80 000,802,554,544,1.06,76.19
Амурская обл.,103 126,13.19,28.43,84 449,703,409,369,1.06,81.89
Владимирская обл.,102 480,7.64,17.08,84 000,926,614,537,26.05,81.97
Томская обл.,102 114,9.54,20.5,72 784,1 501,289,264,26.05,71.28
Курганская обл.,99 544,12.16,,72 136,993,312,,31.05,72.47
Калужская обл.,99 129,9.9,20.37,79 303,888,452,436,31.05,80.0
Дагестан,95 889,3.06,12.27,19 949,800,1 838,857,1.06,20.8
Мурманская обл.,92 600,12.64,27.0,70 800,800,342,313,31.05,76.46
Коми,89 000,10.94,23.48,63 585,1 212,262,239,21.05,71.44
Смоленская обл.,86 408,9.38,,68 018,881,425,,1.06,78.72
Ямало-Ненецкий АО,84 500,15.45,34.63,67 000,929,203,172,2.06,79.29
Орловская обл.,78 100,10.78,21.97,65 000,733,388,379,1.06,83.23
Карелия,77 588,12.74,26.7,63 083,745,305,286,26.05,81.31
Чечня,77 000,5.14,13.8,45 000,1 429,470,337,27.05,58.44
Сахалинская обл.,76 672,15.79,32.86,64 478,511,325,307,1.06,84.1
Костромская обл.,70 402,11.2,,59 600,532,458,,1.06,84.66
Новгородская обл.,66 324,11.2,,53 561,637,361,,31.05,80.76
Севастополь,65 809,12.9,,53 051,494,383,,2.06,80.61
Псковская обл.,59 900,9.66,,47 800,629,398,,2.06,79.8
Хакасия,58 621,11.02,24.22,45 494,527,394,348,2.06,77.61
Марий Эл,58 569,8.67,18.47,47 826,746,374,347,1.06,81.66
Карачаево-Черкесия,47 474,10.2,,31 432,701,264,,1.06,66.21
Тыва,47 046,14.24,37.94,33 013,478,247,161,24.05,70.17
Северная Осетия,45 555,6.57,,33 443,760,396,,2.06,73.41
Кабардино-Балкария,36 287,4.17,,27 644,453,879,,1.06,76.18
Калмыкия,34 685,12.85,28.2,25 443,669,150,132,15.05,73.35
Камчатский край,34 332,11.02,23.2,29 108,200,608,568,2.06,84.78
Ингушетия,31 698,6.15,,23 300,957,236,,17.05,73.51
Адыгея,30 443,6.57,15.85,22 000,492,409,329,1.06,72.27
Алтай,27 433,12.42,32.71,20 766,243,342,232,1.06,75.7
Магаданская обл.,23 351,16.8,55.6,19 024,148,312,126,1.06,81.47
Еврейская АО,14 500,9.27,20.11,11 000,214,298,269,2.06,75.86
Чукотский АО,12 801,25.85,56.63,10 172,142,84,69,31.05,79.46
Ненецкий АО,8 603,19.38,,6 792,158,86,,2.06,78.95
