регион,"привито, чел.",% от насе-ления,"привито двумя комп., чел.","новых привитых, чел./день",дней до вакц. 50% нас.,обнов-лено,источник,"прогноз приви-тых, чел. *"
Москва,1 000 000,7.9,820 000,0,-,15.04,перейти,1 000 000
Московская обл.,663 234,8.6,340 938,9 033,353,17.04,перейти,672 267
Санкт-Петербург,498 558,9.26,346 220,6 238,352,18.04,перейти,498 558
Краснодарский край,311 900,5.49,175 000,8 575,295,16.04,перейти,329 050
Свердловская обл.,275 000,6.41,174 000,4 714,397,16.04,перейти,284 428
Ростовская обл.,242 875,5.81,117 011,6 731,275,18.04,перейти,242 875
Самарская обл.,242 000,7.67,154 000,4 857,275,16.04,перейти,251 714
Нижегородская обл.,224 548,7.07,129 169,6 544,208,17.04,перейти,231 092
Башкортостан,200 021,4.98,117 299,4 400,411,16.04,перейти,208 821
Татарстан,197 765,5.08,114 425,3 768,464,17.04,перейти,201 533
Воронежская обл.,186 654,8.1,116 647,3 808,254,16.04,перейти,194 270
Челябинская обл.,175 000,5.08,110 000,4 394,352,14.04,перейти,192 576
Белгородская обл.,174 098,11.3,105 756,4 047,147,17.04,перейти,178 145
Волгоградская обл.,160 000,6.47,66 200,5 714,189,16.04,перейти,171 428
Ставропольский край,158 000,5.66,93 000,4 000,310,17.04,перейти,162 000
Новосибирская обл.,157 184,5.64,94 416,5 312,233,16.04,перейти,167 808
Красноярский край,155 456,5.44,110 579,2 419,526,14.04,перейти,165 132
Алтайский край,150 810,6.57,80 863,3 552,281,18.04,перейти,150 810
Кемеровская обл.,147 380,5.6,93 839,3 911,299,15.04,перейти,159 113
Иркутская обл.,140 770,5.93,86 065,2 801,374,18.04,перейти,140 770
Саратовская обл.,140 455,5.86,93 218,2 782,380,16.04,перейти,146 019
Пермский край,138 192,5.36,74 777,3 964,290,18.04,перейти,138 192
Омская обл.,125 836,6.61,64 494,3 698,223,17.04,перейти,129 534
Оренбургская обл.,120 510,6.2,12 905,4 177,204,14.04,перейти,137 218
Тульская обл.,110 000,7.59,70 000,2 357,261,14.04,перейти,119 428
Ленинградская обл.,105 244,5.56,61 320,2 333,361,15.04,перейти,112 243
Кировская обл.,103 315,8.26,46 289,3 214,162,17.04,перейти,106 529
Липецкая обл.,100 000,8.86,62 900,1 757,264,15.04,перейти,105 271
Тверская обл.,97 994,7.87,15 000,1 216,432,18.04,перейти,97 994
Забайкальский край,94 606,8.98,51 485,2 087,207,18.04,перейти,94 606
Ивановская обл.,94 591,9.58,60 313,1 518,263,18.04,перейти,94 591
Тюменская обл.,93 901,6.08,52 852,3 288,206,18.04,перейти,93 901
Саха,93 637,9.54,54 467,2 684,148,18.04,перейти,93 637
Курская обл.,92 921,8.47,60 899,1 846,247,18.04,перейти,92 921
Крым,92 633,4.87,61 430,2 340,367,13.04,перейти,104 333
Брянская обл.,90 820,7.68,48 000,1 399,358,15.04,перейти,95 017
Ханты-Мансийский АО,90 000,5.33,57 000,1 447,521,18.04,перейти,90 000
Пензенская обл.,85 092,6.59,42 742,2 241,250,16.04,перейти,89 574
Приморский край,84 234,4.49,54 389,1 457,587,18.04,перейти,84 234
Мордовия,82 045,10.53,48 648,1 628,189,15.04,перейти,86 929
Тамбовская обл.,80 760,8.12,53 386,1 329,313,18.04,перейти,80 760
Ярославская обл.,78 000,6.28,52 000,2 262,240,15.04,перейти,84 786
Ульяновская обл.,72 039,5.91,45 402,3 148,171,13.04,перейти,87 779
Владимирская обл.,70 284,5.24,48 000,1 469,409,16.04,перейти,73 222
Астраханская обл.,69 933,7.01,39 206,1 558,275,18.04,перейти,69 933
Удмуртия,68 584,4.59,41 764,1 574,431,18.04,перейти,68 584
Рязанская обл.,61 311,5.58,40 000,1 193,409,16.04,перейти,63 697
Амурская обл.,60 900,7.79,43 397,1 946,170,9.04,перейти,78 414
Калужская обл.,60 863,6.08,40 000,1 266,347,14.04,перейти,65 927
Калининградская обл.,60 505,5.94,33 130,2 558,175,13.04,перейти,73 295
Архангельская обл.,60 000,5.54,40 000,1 143,421,16.04,перейти,62 286
Хабаровский край,57 526,4.42,39 721,894,663,13.04,перейти,61 996
Вологодская обл.,55 550,4.83,35 540,1 464,355,14.04,перейти,61 406
Бурятия,55 200,5.6,41 200,743,589,15.04,перейти,57 429
Чувашия,55 000,4.55,34 000,1 714,320,16.04,перейти,58 428
Карелия,52 049,8.55,32 532,1 450,174,16.04,перейти,54 949
Дагестан,52 022,1.66,19 949,1 509,1 004,18.04,перейти,52 022
Сахалинская обл.,51 386,10.58,35 465,782,245,18.04,перейти,51 386
Томская обл.,48 882,4.57,34 284,998,487,12.04,перейти,54 870
Курганская обл.,48 438,5.92,30 482,1 344,268,14.04,перейти,53 814
Орловская обл.,48 142,6.64,32 490,1 057,297,15.04,перейти,51 313
Коми,46 095,5.67,29 011,1 156,312,17.04,перейти,47 251
Смоленская обл.,45 000,4.89,26 595,1 357,306,15.04,перейти,49 071
Чечня,44 000,2.94,25 498,1 228,574,14.04,перейти,48 912
Костромская обл.,43 977,7.0,30 785,1 282,211,13.04,перейти,50 387
Ямало-Ненецкий АО,41 000,7.5,28 000,857,271,17.04,перейти,41 857
Новгородская обл.,40 343,6.81,23 632,1 092,234,16.04,перейти,42 527
Мурманская обл.,40 000,5.46,29 000,614,532,12.04,перейти,43 684
Псковская обл.,36 500,5.88,23 000,1 214,225,16.04,перейти,38 928
Марий Эл,35 757,5.29,20 232,1 244,243,16.04,перейти,38 245
Севастополь,35 000,6.86,18 313,1 388,158,18.04,перейти,35 000
Хакасия,33 579,6.31,19 829,762,305,16.04,перейти,35 103
Тыва,25 910,7.84,11 241,1 033,135,16.04,перейти,27 976
Северная Осетия,25 000,3.61,14 300,965,333,15.04,перейти,27 895
Калмыкия,22 305,8.26,7 000,1 401,80,13.04,перейти,29 310
Кабардино-Балкария,22 000,2.53,13 000,429,962,15.04,перейти,23 287
Карачаево-Черкесия,20 115,4.32,10 559,693,307,17.04,перейти,20 808
Камчатский край,19 287,6.19,14 735,382,357,14.04,перейти,20 815
Адыгея,17 720,3.83,12 095,139,1 539,15.04,перейти,18 137
Ингушетия,16 170,3.14,11 777,284,851,5.04,перейти,19 862
Алтай,15 295,6.92,8 988,315,302,18.04,перейти,15 295
Магаданская обл.,13 184,9.48,8 986,446,126,15.04,перейти,14 522
Чукотский АО,8 456,17.07,5 845,173,94,16.04,перейти,8 802
Еврейская АО,7 869,5.03,5 864,220,320,9.04,перейти,9 849
Ненецкий АО,4 700,10.59,3 181,50,350,15.04,перейти,4 850
