регион,"привито, чел.",% от насе-ления,% от плана ***,"привито двумя комп., чел.","новых привитых, чел./день",дней до вакц. 50% нас.,дней до вып. плана,обнов-лено,источник,"прогноз приви-тых, чел. *","2 комп./1 комп., %"
Москва,1 500 000,11.85,,1 300 000,14 286,338,,26.05,перейти,1 514 286,86.67
Московская обл.,1 040 000,13.49,26.0,340 938,20 000,141,148.0,24.05,перейти,1 100 000,32.78
Санкт-Петербург,671 816,12.48,55.98,563 955,4 795,421,110.0,27.05,перейти,671 816,83.94
Краснодарский край,505 827,8.9,18.73,210 680,7 690,304,285.0,20.05,перейти,559 657,41.65
Свердловская обл.,441 678,10.3,,370 000,1 878,907,,26.05,перейти,443 556,83.77
Ростовская обл.,429 875,10.28,25.29,320 348,5 223,318,243.0,27.05,перейти,429 875,74.52
Самарская обл.,375 000,11.89,25.0,300 000,6 000,200,188.0,24.05,перейти,393 000,80.0
Башкортостан,351 918,8.77,,264 803,5 203,318,,27.05,перейти,351 918,75.25
Татарстан,342 544,8.8,18.52,242 658,4 795,335,314.0,27.05,перейти,342 544,70.84
Нижегородская обл.,332 500,10.47,33.25,275 000,2 857,440,234.0,25.05,перейти,338 214,82.71
Новосибирская обл.,298 772,10.72,22.98,221 893,6 539,167,153.0,27.05,перейти,298 772,74.27
Челябинская обл.,291 000,8.45,19.0,230 598,5 714,250,217.0,27.05,перейти,291 000,79.24
Белгородская обл.,289 840,18.81,38.65,215 799,3 196,150,144.0,27.05,перейти,289 840,74.45
Волгоградская обл.,281 000,11.36,,217 994,6 000,159,,26.05,перейти,287 000,77.58
Воронежская обл.,277 000,12.01,23.53,226 000,2 901,302,310.0,27.05,перейти,277 000,81.59
Кемеровская обл.,260 000,9.87,21.04,167 200,6 670,158,146.0,24.05,перейти,280 010,64.31
Иркутская обл.,258 418,10.88,25.84,188 101,2 815,330,263.0,27.05,перейти,258 418,72.79
Красноярский край,253 932,8.89,19.53,191 109,2 999,391,349.0,18.05,перейти,280 923,75.26
Ставропольский край,250 000,8.95,,193 000,2 116,542,,27.05,перейти,250 000,77.2
Саратовская обл.,244 577,10.21,20.32,185 892,3 205,297,299.0,27.05,перейти,244 577,76.01
Алтайский край,241 275,10.51,21.93,193 725,2 308,393,372.0,27.05,перейти,241 275,80.29
Пермский край,227 674,8.83,,175 416,2 449,434,,27.05,перейти,227 674,77.05
Оренбургская обл.,223 882,11.52,25.0,12 905,2 163,346,311.0,27.05,перейти,223 882,5.76
Ханты-Мансийский АО,222 360,13.18,29.65,152 164,3 933,158,134.0,25.05,перейти,230 226,68.43
Крым,210 316,11.06,18.43,159 239,3 278,226,284.0,26.05,перейти,213 594,75.71
Омская обл.,205 299,10.78,22.59,163 724,1 898,393,371.0,27.05,перейти,205 299,79.75
Ленинградская обл.,179 690,9.49,23.96,137 176,1 908,402,299.0,27.05,перейти,179 690,76.34
Тюменская обл.,179 686,11.64,,129 000,1 599,370,,21.05,перейти,189 280,71.79
Тульская обл.,170 000,11.73,29.85,140 000,2 571,216,155.0,24.05,перейти,177 713,82.35
Кировская обл.,160 000,12.8,,123 000,1 286,362,,26.05,перейти,161 286,76.88
Забайкальский край,159 514,15.14,33.63,120 173,1 097,335,287.0,27.05,перейти,159 514,75.34
Саха,153 924,15.68,22.14,105 707,3 052,110,177.0,27.05,перейти,153 924,68.67
Приморский край,144 784,7.71,22.75,104 585,1 925,413,255.0,27.05,перейти,144 784,72.24
Липецкая обл.,135 400,12.0,,120 000,0,-,,27.05,перейти,135 400,88.63
Курская обл.,134 850,12.3,23.66,113 738,946,437,460.0,27.05,перейти,134 850,84.34
Мордовия,131 432,16.87,27.42,106 399,1 263,204,275.0,27.05,перейти,131 432,80.95
Тверская обл.,129 773,10.42,,104 994,916,538,,27.05,перейти,129 773,80.91
Пензенская обл.,129 677,10.05,20.37,109 271,1 522,339,333.0,27.05,перейти,129 677,84.26
Брянская обл.,129 388,10.94,22.82,48 000,2 284,202,192.0,27.05,перейти,129 388,37.1
Ивановская обл.,128 750,13.04,,108 094,927,393,,27.05,перейти,128 750,83.96
Ульяновская обл.,126 316,10.37,25.26,98 897,1 266,381,295.0,27.05,перейти,126 316,78.29
Тамбовская обл.,120 440,12.11,24.31,93 108,1 167,323,321.0,27.05,перейти,120 440,77.31
Астраханская обл.,118 909,11.92,27.98,88 726,1 490,255,205.0,27.05,перейти,118 909,74.62
Ярославская обл.,117 104,9.43,,96 619,1 121,449,,24.05,перейти,120 467,82.51
Удмуртия,115 136,7.71,,87 484,1 221,517,,27.05,перейти,115 136,75.98
Архангельская обл.,113 314,10.47,25.06,88 612,1 104,388,307.0,26.05,перейти,114 418,78.2
Вологодская обл.,113 000,9.82,21.47,84 000,1 857,249,223.0,27.05,перейти,113 000,74.34
Калининградская обл.,110 317,10.83,29.42,86 629,1 045,382,253.0,26.05,перейти,111 362,78.53
Чувашия,107 000,8.86,18.16,75 440,2 000,248,241.0,27.05,перейти,107 000,70.5
Хабаровский край,107 000,8.22,,70 000,1 500,362,,24.05,перейти,111 500,65.42
Владимирская обл.,102 480,7.64,17.08,84 000,926,614,537.0,26.05,перейти,103 406,81.97
Томская обл.,102 114,9.54,20.5,72 784,1 501,289,264.0,26.05,перейти,103 615,71.28
Бурятия,101 831,10.33,,68 476,2 833,138,,14.05,перейти,138 660,67.24
Рязанская обл.,100 000,9.11,18.48,80 000,1 220,368,362.0,26.05,перейти,101 220,80.0
Амурская обл.,98 208,12.56,27.07,78 213,991,295,267.0,25.05,перейти,100 190,79.64
Калужская обл.,94 957,9.49,19.51,72 683,1 049,387,373.0,27.05,перейти,94 957,76.54
Курганская обл.,92 590,11.31,,68 544,1 584,200,,24.05,перейти,97 342,74.03
Дагестан,90 996,2.9,11.64,19 949,926,1 594,746.0,27.05,перейти,90 996,21.92
Коми,89 000,10.94,23.48,63 585,1 212,262,239.0,21.05,перейти,96 272,71.44
Мурманская обл.,88 225,12.04,,70 800,1 032,270,,26.05,перейти,89 257,80.25
Смоленская обл.,82 781,8.99,,66 303,927,408,,27.05,перейти,82 781,80.09
Ямало-Ненецкий АО,79 500,14.53,32.58,63 000,786,247,209.0,27.05,перейти,79 500,79.25
Карелия,77 588,12.74,26.7,63 083,745,305,286.0,26.05,перейти,78 333,81.31
Чечня,77 000,5.14,13.8,45 000,1 429,470,337.0,27.05,перейти,77 000,58.44
Сахалинская обл.,74 333,15.31,31.86,62 342,512,329,311.0,27.05,перейти,74 333,83.87
Орловская обл.,72 966,10.07,20.52,60 767,449,644,629.0,26.05,перейти,73 415,83.28
Костромская обл.,68 094,10.84,,55 378,461,534,,27.05,перейти,68 094,81.33
Новгородская обл.,64 485,10.89,,51 280,527,440,,27.05,перейти,64 485,79.52
Севастополь,63 114,12.38,,51 217,588,326,,27.05,перейти,63 114,81.15
Марий Эл,62 020,9.18,23.85,45 533,1 562,176,127.0,24.05,перейти,66 706,73.42
Хакасия,55 668,10.46,23.0,43 610,563,374,331.0,27.05,перейти,55 668,78.34
Псковская обл.,55 500,8.95,,44 600,571,446,,25.05,перейти,56 642,80.36
Тыва,47 046,14.24,37.94,33 013,478,247,161.0,24.05,перейти,48 480,70.17
Карачаево-Черкесия,44 066,9.47,,29 907,716,263,,27.05,перейти,44 066,67.87
Северная Осетия,40 234,5.8,,29 409,637,481,,21.05,перейти,44 056,73.09
Калмыкия,34 685,12.85,28.2,25 443,669,150,132.0,15.05,перейти,42 713,73.35
Камчатский край,33 339,10.7,22.53,27 986,174,704,659.0,27.05,перейти,33 339,83.94
Кабардино-Балкария,33 118,3.81,,26 033,369,1 088,,25.05,перейти,33 856,78.61
Ингушетия,31 698,6.15,,23 300,957,236,,17.05,перейти,41 268,73.51
Адыгея,29 000,6.26,15.1,22 000,865,234,189.0,27.05,перейти,29 000,75.86
Алтай,26 464,11.98,31.55,19 938,279,301,206.0,27.05,перейти,26 464,75.34
Магаданская обл.,22 318,16.05,53.14,18 230,127,372,155.0,27.05,перейти,22 318,81.68
Еврейская АО,13 000,8.31,,9 700,143,456,,26.05,перейти,13 143,74.62
Чукотский АО,12 504,25.25,55.32,9 931,175,70,58.0,26.05,перейти,12 679,79.42
Ненецкий АО,7 500,16.9,,5 600,78,188,,20.05,перейти,8 046,74.67
