регион,"привито, чел.",% от насе-ления,"средний темп, чел./день","средний темп к нас., %",дней до вакц. 50% нас.,"привито двумя комп., чел.",обнов-лено,"2 комп./1 комп., %"
Москва,2 700 000,21.34,65 714,0.52,55,1 600 000,3.07,59.26
Московская обл.,1 618 021,20.99,39 345,0.51,57,1 000 000,2.07,61.8
Санкт-Петербург,945 439,17.56,13 807,0.26,127,722 168,3.07,76.38
Краснодарский край,812 296,14.29,10 957,0.19,185,599 754,2.07,73.83
Ростовская обл.,673 001,16.09,13 004,0.31,109,488 256,3.07,72.55
Свердловская обл.,656 837,15.31,10 198,0.24,146,496 000,2.07,75.51
Башкортостан,586 982,14.62,13 930,0.35,102,382 230,2.07,65.12
Татарстан,573 474,14.73,10 117,0.26,136,392 987,3.07,68.53
Самарская обл.,555 000,17.6,7 857,0.25,130,426 000,2.07,76.76
Нижегородская обл.,515 000,16.21,8 943,0.28,120,368 068,3.07,71.47
Белгородская обл.,475 659,30.86,8 459,0.55,35,333 447,2.07,70.1
Новосибирская обл.,454 745,16.32,7 964,0.29,118,330 791,1.07,72.74
Челябинская обл.,444 861,12.92,8 443,0.25,151,327 224,3.07,73.56
Волгоградская обл.,427 000,17.26,6 857,0.28,118,319 000,2.07,74.71
Кемеровская обл.,420 000,15.95,9 714,0.37,92,281 000,1.07,66.9
Красноярский край,400 000,14.01,6 139,0.21,167,300 000,1.07,75.0
Иркутская обл.,380 927,16.04,5 156,0.22,156,277 283,3.07,72.79
Саратовская обл.,378 440,15.8,6 130,0.26,134,275 174,2.07,72.71
Воронежская обл.,375 998,16.31,5 767,0.25,135,304 264,30.06,80.92
Ставропольский край,373 000,13.36,6 607,0.24,155,271 347,3.07,72.75
Алтайский край,356 347,15.52,5 359,0.23,148,265 515,3.07,74.51
Пермский край,345 365,13.39,6 154,0.24,153,254 914,3.07,73.81
Ханты-Мансийский АО,342 437,20.29,4 834,0.29,104,254 230,30.06,74.24
Тюменская обл.,326 000,21.12,5 286,0.34,84,229 000,1.07,70.25
Оренбургская обл.,325 942,16.78,5 761,0.3,112,244 485,2.07,75.01
Крым,314 868,16.56,5 080,0.27,125,225 000,30.06,71.46
Омская обл.,300 865,15.8,4 756,0.25,137,224 953,3.07,74.77
Чечня,267 525,17.86,10 218,0.68,47,83 535,3.07,31.23
Тульская обл.,266 213,18.37,5 666,0.39,81,190 167,1.07,71.43
Ленинградская обл.,264 412,13.97,4 830,0.26,141,194 065,3.07,73.39
Приморский край,236 885,12.61,4 416,0.24,159,164 309,3.07,69.36
Кировская обл.,222 000,17.76,2 715,0.22,148,173 000,1.07,77.93
Саха,210 976,21.48,1 854,0.19,151,174 574,2.07,82.75
Липецкая обл.,207 700,18.41,3 746,0.33,95,155 100,1.07,74.68
Забайкальский край,203 789,19.34,1 663,0.16,194,166 375,3.07,81.64
Брянская обл.,198 935,16.82,3 200,0.27,123,77 441,3.07,38.93
Удмуртия,198 504,13.29,4 153,0.28,132,145 065,3.07,73.08
Тверская обл.,198 034,15.9,4 533,0.36,94,153 993,3.07,77.76
Курская обл.,197 065,17.97,3 404,0.31,103,146 157,3.07,74.17
Ульяновская обл.,196 553,16.13,3 754,0.31,110,145 399,2.07,73.97
Бурятия,192 266,19.51,3 055,0.31,98,138 862,3.07,72.22
Ивановская обл.,191 749,19.43,3 432,0.35,88,134 754,3.07,70.28
Пензенская обл.,190 709,14.77,3 160,0.24,144,143 950,1.07,75.48
Астраханская обл.,186 688,18.71,3 001,0.3,104,133 582,3.07,71.55
Мордовия,186 372,23.93,2 529,0.32,80,144 788,2.07,77.69
Тамбовская обл.,179 284,18.03,2 850,0.29,112,132 911,3.07,74.13
Вологодская обл.,170 000,14.77,4 232,0.37,96,120 000,2.07,70.59
Хабаровский край,165 095,12.69,2 564,0.2,189,125 224,3.07,75.85
Ярославская обл.,164 000,13.21,1 714,0.14,266,130 000,2.07,79.27
Калининградская обл.,164 000,16.1,3 266,0.32,106,122 594,1.07,74.75
Архангельская обл.,160 869,14.86,2 554,0.24,149,126 280,3.07,78.5
Чувашия,160 000,13.25,2 607,0.22,170,117 000,3.07,73.13
Томская обл.,155 592,14.54,2 962,0.28,128,115 546,2.07,74.26
Дагестан,154 032,4.92,2 464,0.08,573,94 703,3.07,61.48
Курганская обл.,151 000,18.45,3 021,0.37,85,110 000,1.07,72.85
Калужская обл.,150 000,14.99,3 393,0.34,103,95 200,1.07,63.47
Рязанская обл.,140 000,12.75,2 178,0.2,188,110 000,29.06,78.57
Коми,139 613,17.16,2 133,0.26,125,106 658,2.07,76.4
Амурская обл.,136 427,17.45,1 918,0.25,133,105 313,3.07,77.19
Владимирская обл.,133 848,9.97,1 549,0.12,347,108 627,29.06,81.16
Смоленская обл.,129 003,14.0,2 781,0.3,119,92 591,3.07,71.77
Мурманская обл.,118 444,16.16,1 453,0.2,171,93 507,30.06,78.95
Сахалинская обл.,113 793,23.43,2 184,0.45,59,72 778,3.07,63.96
Ямало-Ненецкий АО,111 325,20.35,1 508,0.28,108,88 577,2.07,79.57
Орловская обл.,106 827,14.74,2 252,0.31,113,80 855,1.07,75.69
Карелия,100 033,16.42,902,0.15,227,81 385,30.06,81.36
Костромская обл.,97 620,15.53,1 484,0.24,146,72 955,3.07,74.73
Новгородская обл.,92 232,15.57,1 387,0.23,147,71 071,2.07,77.06
Севастополь,87 733,17.2,1 257,0.25,133,66 936,2.07,76.3
Марий Эл,86 355,12.79,1 889,0.28,133,60 976,2.07,70.61
Хакасия,85 872,16.14,1 978,0.37,91,61 836,2.07,72.01
Псковская обл.,83 423,13.45,1 548,0.25,146,62 677,2.07,75.13
Кабардино-Балкария,71 000,8.17,1 838,0.21,198,39 125,2.07,55.11
Северная Осетия,66 000,9.52,1 312,0.19,214,46 859,30.06,71.0
Карачаево-Черкесия,65 000,13.97,757,0.16,222,50 285,3.07,77.36
Тыва,64 565,19.54,588,0.18,171,50 136,1.07,77.65
Ингушетия,61 661,11.96,741,0.14,265,45 862,28.06,74.38
Адыгея,50 717,10.95,1 197,0.26,151,32 000,2.07,63.1
Калмыкия,44 000,16.3,333,0.12,273,44 000,29.06,100.0
Камчатский край,43 957,14.1,542,0.17,206,34 632,2.07,78.79
Алтай,40 559,18.36,619,0.28,113,30 621,3.07,75.5
Магаданская обл.,27 774,19.98,205,0.15,204,24 568,3.07,88.46
Еврейская АО,24 155,15.43,467,0.3,116,16 694,2.07,69.11
Чукотский АО,16 229,32.77,178,0.36,48,13 375,2.07,82.41
Ненецкий АО,10 500,23.65,79,0.18,148,8 920,30.06,84.95
