регион,"привито, чел.",% от насе-ления,"привито двумя комп., чел.","новых привитых, чел./день",дней до вакц. 50% нас.,обнов-лено,источник,"прогноз приви-тых, чел. *"
Москва,1 000 000,7.9,820 000,0,-,15.04,перейти,1 000 000
Московская обл.,800 000,10.38,340 938,13 143,232,27.04,перейти,839 429
Санкт-Петербург,563 306,10.46,426 893,5 177,411,30.04,перейти,563 306
Краснодарский край,408 000,7.18,210 680,6 369,382,30.04,перейти,408 000
Свердловская обл.,374 864,8.74,235 674,4 552,389,30.04,перейти,374 864
Ростовская обл.,309 120,7.39,176 133,4 745,375,30.04,перейти,309 120
Самарская обл.,300 000,9.51,184 000,4 857,263,29.04,перейти,304 857
Нижегородская обл.,273 000,8.59,152 267,4 286,307,29.04,перейти,277 286
Башкортостан,262 480,6.54,164 006,4 365,400,30.04,перейти,262 480
Татарстан,249 244,6.4,157 081,4 058,418,30.04,перейти,249 244
Белгородская обл.,225 534,14.63,136 253,3 666,149,30.04,перейти,225 534
Воронежская обл.,220 000,9.54,150 000,2 460,379,29.04,перейти,222 460
Волгоградская обл.,218 000,8.81,121 000,3 714,274,30.04,перейти,218 000
Новосибирская обл.,214 390,7.7,126 590,5 056,233,30.04,перейти,214 390
Челябинская обл.,210 000,6.1,139 039,571,2 647,30.04,перейти,210 000
Красноярский край,200 000,7.0,120 120,4 110,299,30.04,перейти,200 000
Ставропольский край,196 408,7.03,120 000,2 773,433,30.04,перейти,196 408
Алтайский край,189 177,8.24,115 542,3 099,309,30.04,перейти,189 177
Иркутская обл.,188 613,7.94,109 071,3 237,309,30.04,перейти,188 613
Саратовская обл.,180 000,7.52,114 000,3 110,327,29.04,перейти,183 110
Кемеровская обл.,180 000,6.84,116 253,2 024,562,29.04,перейти,182 024
Пермский край,173 810,6.74,103 791,2 642,422,30.04,перейти,173 810
Оренбургская обл.,169 000,8.7,12 905,2 995,268,29.04,перейти,171 995
Крым,162 000,8.52,80 000,5 574,142,30.04,перейти,162 000
Омская обл.,160 775,8.45,91 287,2 438,324,30.04,перейти,160 775
Ханты-Мансийский АО,141 325,8.37,68 325,5 103,138,28.04,перейти,151 531
Тульская обл.,134 000,9.25,88 000,1 819,325,26.04,перейти,141 276
Ленинградская обл.,130 424,6.89,80 459,2 193,372,27.04,перейти,137 003
Кировская обл.,129 735,10.38,76 527,1 962,252,30.04,перейти,129 735
Тюменская обл.,120 817,7.83,60 207,3 845,169,27.04,перейти,132 352
Липецкая обл.,120 000,10.64,80 000,2 286,194,29.04,перейти,122 286
Забайкальский край,119 662,11.36,76 259,1 641,248,30.04,перейти,119 662
Тверская обл.,110 539,8.87,81 876,1 008,508,30.04,перейти,110 539
Ивановская обл.,109 459,11.09,77 226,1 142,336,30.04,перейти,109 459
Саха,107 310,10.93,64 798,604,635,30.04,перейти,107 310
Курская обл.,106 039,9.67,78 504,1 049,422,30.04,перейти,106 039
Пензенская обл.,105 094,8.14,65 376,1 757,308,29.04,перейти,106 851
Брянская обл.,104 896,8.87,48 000,1 128,431,28.04,перейти,107 152
Мордовия,104 371,13.4,70 238,1 205,237,30.04,перейти,104 371
Приморский край,102 012,5.43,70 663,1 347,621,30.04,перейти,102 012
Ярославская обл.,100 000,8.06,60 817,3 143,166,30.04,перейти,100 000
Ульяновская обл.,97 000,7.96,60 000,1 165,440,30.04,перейти,97 000
Тамбовская обл.,94 360,9.49,64 916,1 083,372,30.04,перейти,94 360
Калининградская обл.,86 872,8.53,52 882,1 712,247,30.04,перейти,86 872
Астраханская обл.,86 817,8.7,55 697,1 572,262,30.04,перейти,86 817
Удмуртия,86 794,5.81,53 440,639,1 033,30.04,перейти,86 794
Владимирская обл.,84 668,6.31,61 427,1 524,385,30.04,перейти,84 668
Вологодская обл.,82 593,7.18,50 205,2 799,176,30.04,перейти,82 593
Рязанская обл.,80 574,7.34,54 513,1 274,368,30.04,перейти,80 574
Архангельская обл.,80 538,7.44,49 585,2 934,157,29.04,перейти,83 472
Амурская обл.,79 878,10.22,56 965,983,316,29.04,перейти,80 861
Хабаровский край,78 000,5.99,45 554,1 418,404,29.04,перейти,79 418
Бурятия,76 547,7.77,46 424,3 050,136,26.04,перейти,88 747
Калужская обл.,73 184,7.31,48 728,1 080,396,27.04,перейти,76 424
Коми,69 875,8.59,36 614,2 846,118,29.04,перейти,72 721
Чувашия,69 000,5.71,44 980,1 365,392,29.04,перейти,70 365
Дагестан,66 254,2.11,19 949,1 041,1 441,30.04,перейти,66 254
Томская обл.,66 191,6.18,43 000,720,651,28.04,перейти,67 631
Мурманская обл.,65 000,8.87,49 682,2 714,111,26.04,перейти,75 856
Смоленская обл.,64 836,7.04,42 694,1 548,256,30.04,перейти,64 836
Карелия,64 067,10.52,39 838,907,265,29.04,перейти,64 974
Сахалинская обл.,61 205,12.6,43 897,770,236,30.04,перейти,61 205
Ямало-Ненецкий АО,60 000,10.97,34 000,1 429,149,30.04,перейти,60 000
Орловская обл.,59 779,8.25,41 019,792,382,29.04,перейти,60 571
Чечня,56 000,3.74,25 498,1 714,404,27.04,перейти,61 142
Костромская обл.,55 863,8.89,33 000,838,308,30.04,перейти,55 863
Севастополь,50 314,9.87,25 071,1 060,193,30.04,перейти,50 314
Новгородская обл.,48 653,8.21,28 340,952,260,26.04,перейти,52 461
Курганская обл.,48 438,5.92,30 482,1 344,268,14.04,перейти,69 942
Псковская обл.,45 000,7.26,30 000,571,464,30.04,перейти,45 000
Хакасия,43 276,8.13,27 495,607,367,30.04,перейти,43 276
Марий Эл,40 000,5.92,22 000,1 241,240,22.04,перейти,49 928
Тыва,32 512,9.84,12 897,832,159,26.04,перейти,35 840
Северная Осетия,31 422,4.53,20 326,721,437,30.04,перейти,31 422
Калмыкия,30 000,11.11,10 000,1 099,96,22.04,перейти,38 792
Карачаево-Черкесия,28 300,6.08,14 800,1 014,202,30.04,перейти,28 300
Кабардино-Балкария,26 000,2.99,15 100,374,1 093,28.04,перейти,26 748
Ингушетия,25 000,4.85,22 500,450,517,30.04,перейти,25 000
Камчатский край,24 619,7.9,15 476,762,172,26.04,перейти,27 667
Адыгея,20 955,4.52,15 500,462,456,30.04,перейти,20 955
Алтай,20 711,9.37,12 128,460,195,30.04,перейти,20 711
Магаданская обл.,15 544,11.18,11 711,156,346,30.04,перейти,15 544
Чукотский АО,10 229,20.65,7 157,247,59,30.04,перейти,10 229
Еврейская АО,8 846,5.65,6 394,140,496,19.04,перейти,10 386
Ненецкий АО,6 128,13.81,3 634,130,124,29.04,перейти,6 258
