регион,"привито, чел.",% от насе-ления,% от плана ***,"привито двумя комп., чел.","новых привитых, чел./день",дней до вакц. 50% нас.,дней до вып. плана,обнов-лено,"2 комп./1 комп., %"
Москва,1 500 000,11.85,,1 300 000,14 286,338,,26.05,86.67
Московская обл.,1 100 000,14.27,27.5,1 000 000,8 571,321,338,3.06,90.91
Санкт-Петербург,700 711,13.01,58.39,580 412,4 967,401,101,2.06,82.83
Краснодарский край,570 000,10.03,21.11,428 231,9 168,248,232,2.06,75.13
Свердловская обл.,483 624,11.27,28.45,403 639,3 002,553,405,4.06,83.46
Ростовская обл.,465 664,11.14,27.39,361 756,3 747,434,329,5.06,77.69
Самарская обл.,411 000,13.03,27.4,325 000,5 143,227,212,3.06,79.08
Татарстан,385 000,9.89,20.81,270 193,5 280,296,277,4.06,70.18
Башкортостан,375 106,9.35,18.76,286 662,3 313,493,490,3.06,76.42
Нижегородская обл.,370 500,11.66,37.05,275 000,5 429,224,116,5.06,74.22
Красноярский край,335 000,11.73,25.77,191 109,11 581,94,83,1.06,57.05
Белгородская обл.,327 569,21.25,43.68,236 469,4 003,111,106,5.06,72.19
Новосибирская обл.,319 000,11.45,24.54,241 000,2 890,372,339,3.06,75.55
Волгоградская обл.,300 000,12.12,,230 000,2 714,345,,2.06,76.67
Челябинская обл.,300 000,8.71,18.75,259 243,1 286,1 105,1 011,5.06,86.41
Воронежская обл.,292 476,12.69,24.85,233 800,2 854,301,310,2.06,79.94
Иркутская обл.,281 099,11.84,28.11,213 192,2 237,405,321,5.06,75.84
Ставропольский край,280 000,10.03,21.54,211 000,3 705,301,275,4.06,75.36
Кемеровская обл.,264 000,10.02,21.36,167 200,571,1 844,1 702,31.05,63.33
Саратовская обл.,263 561,11.0,21.89,197 356,2 712,344,347,3.06,74.88
Алтайский край,261 058,11.37,23.73,209 358,2 010,441,417,5.06,80.2
Пермский край,248 613,9.64,20.72,194 177,2 043,510,466,5.06,78.1
Ханты-Мансийский АО,248 576,14.73,33.14,169 381,3 745,159,134,2.06,68.14
Оренбургская обл.,238 320,12.27,26.61,12 905,3 270,224,201,2.06,5.41
Крым,232 866,12.25,20.41,170 076,3 221,223,282,2.06,73.04
Тюменская обл.,230 000,14.9,,150 000,2 082,260,,4.06,65.22
Омская обл.,221 269,11.62,24.34,178 008,1 609,454,427,5.06,80.45
Ленинградская обл.,191 005,10.09,25.47,148 759,1 616,467,346,4.06,77.88
Тульская обл.,188 000,12.97,33.01,149 000,2 571,209,148,2.06,79.26
Саха,177 135,18.04,25.48,120 708,2 764,114,187,5.06,68.14
Кировская обл.,171 000,13.68,,140 000,1 571,289,,3.06,81.87
Забайкальский край,167 635,15.91,35.35,135 107,1 054,341,291,5.06,80.6
Приморский край,157 744,8.4,24.79,115 484,1 544,506,310,4.06,73.21
Липецкая обл.,150 000,13.3,,125 000,2 086,199,,3.06,83.33
Курская обл.,144 084,13.14,25.28,121 188,1 136,356,375,5.06,84.11
Мордовия,141 587,18.18,29.54,113 860,1 125,220,300,5.06,80.42
Ульяновская обл.,139 000,11.41,29.83,106 000,1 812,259,180,4.06,76.26
Тверская обл.,138 591,11.13,23.29,104 994,893,542,511,5.06,75.76
Пензенская обл.,138 341,10.72,21.73,113 275,1 238,410,403,3.06,81.88
Брянская обл.,136 000,11.5,23.99,48 000,945,482,456,3.06,35.29
Ивановская обл.,135 769,13.76,,114 048,732,489,,5.06,84.0
Астраханская обл.,131 656,13.19,30.98,99 190,1 304,282,225,5.06,75.34
Тамбовская обл.,131 215,13.2,26.48,100 881,1 108,330,329,5.06,76.88
Ярославская обл.,130 000,10.47,,104 000,1 842,266,,3.06,80.0
Бурятия,126 000,12.79,30.0,80 000,1 286,285,229,2.06,63.49
Архангельская обл.,124 943,11.54,27.63,99 672,1 661,251,197,5.06,79.77
Удмуртия,123 190,8.25,27.38,97 985,1 037,601,315,5.06,79.54
Хабаровский край,122 500,9.41,19.98,86 742,2 214,239,222,4.06,70.81
Калининградская обл.,121 307,11.91,32.35,95 270,1 570,247,162,3.06,78.54
Вологодская обл.,120 000,10.43,22.02,87 000,857,532,496,4.06,72.5
Чувашия,117 000,9.69,19.9,75 440,1 984,245,237,2.06,64.48
Томская обл.,111 479,10.42,22.38,81 334,1 338,317,289,4.06,72.96
Владимирская обл.,108 846,8.11,18.14,90 802,909,618,540,4.06,83.42
Курганская обл.,106 066,12.96,,77 176,1 925,158,,4.06,72.76
Амурская обл.,106 000,13.56,29.22,86 000,1 113,256,231,4.06,81.13
Рязанская обл.,105 000,9.56,19.4,87 718,714,622,611,4.06,83.54
Коми,103 062,12.67,27.19,63 585,2 009,151,137,4.06,61.7
Чечня,101 051,6.75,18.1,60 000,3 436,189,133,4.06,59.38
Дагестан,99 285,3.17,12.7,19 949,884,1 660,772,5.06,20.09
Калужская обл.,99 129,9.9,20.37,79 303,888,452,436,31.05,80.0
Мурманская обл.,92 600,12.64,27.0,70 800,800,342,313,31.05,76.46
Смоленская обл.,90 353,9.81,19.51,71 613,754,491,494,5.06,79.26
Ямало-Ненецкий АО,84 500,15.45,34.63,67 000,929,203,172,2.06,79.29
Сахалинская обл.,78 564,16.18,33.67,66 492,483,340,320,5.06,84.63
Орловская обл.,78 388,10.82,22.05,64 705,775,366,358,2.06,82.54
Карелия,77 588,12.74,26.7,63 083,745,305,286,26.05,81.31
Костромская обл.,73 168,11.64,,59 600,617,391,,5.06,81.46
Севастополь,66 848,13.11,,53 703,440,428,,4.06,80.34
Новгородская обл.,66 324,11.2,,53 561,637,361,,31.05,80.76
Псковская обл.,61 200,9.87,,49 200,486,512,,4.06,80.39
Хакасия,60 163,11.31,24.86,46 617,541,381,336,4.06,77.48
Марий Эл,58 569,8.67,18.47,47 826,746,374,347,1.06,81.66
Тыва,50 080,15.16,40.39,36 077,433,266,171,4.06,72.04
Карачаево-Черкесия,47 474,10.2,,34 724,352,526,,4.06,73.14
Северная Осетия,45 555,6.57,,33 443,760,396,,2.06,73.41
Ингушетия,45 314,8.79,,31 531,1 945,109,,3.06,69.58
Кабардино-Балкария,36 287,4.17,,27 644,453,879,,1.06,76.18
Камчатский край,34 750,11.15,23.48,29 823,160,757,708,4.06,85.82
Калмыкия,34 685,12.85,28.2,25 443,669,150,132,15.05,73.35
Адыгея,30 443,6.57,15.85,22 000,492,409,329,1.06,72.27
Алтай,28 566,12.93,34.06,21 736,300,273,184,4.06,76.09
Магаданская обл.,23 351,16.8,55.6,19 886,148,312,126,5.06,85.16
Еврейская АО,14 500,9.27,20.11,11 000,214,298,269,2.06,75.86
Чукотский АО,12 801,25.85,56.63,10 172,142,84,69,31.05,79.46
Ненецкий АО,8 834,19.9,,7 047,191,70,,4.06,79.77
