регион,"привито, чел.",% от насе-ления,"привито двумя комп., чел.","новых привитых, чел./день",дней до вакц. 50% нас.,обнов-лено,источник,"прогноз приви-тых, чел. *"
Москва,1 000 000,7.9,820 000,0,-,15.04,перейти,1 000 000
Московская обл.,900 000,11.68,340 938,10 000,295,11.05,перейти,900 000
Санкт-Петербург,592 573,11.01,481 963,2 788,753,11.05,перейти,592 573
Краснодарский край,445 000,7.83,210 680,5 286,453,10.05,перейти,450 286
Свердловская обл.,408 039,9.51,294 614,4 739,367,11.05,перейти,408 039
Ростовская обл.,335 927,8.03,224 460,2 761,636,11.05,перейти,335 927
Самарская обл.,330 000,10.46,246 000,3 143,397,10.05,перейти,333 143
Нижегородская обл.,294 000,9.26,215 000,1 827,708,11.05,перейти,294 000
Башкортостан,292 852,7.3,201 000,4 339,395,11.05,перейти,292 852
Татарстан,272 385,6.99,190 568,2 444,685,8.05,перейти,279 717
Челябинская обл.,251 000,7.29,184 066,5 857,251,11.05,перейти,251 000
Новосибирская обл.,239 000,8.58,156 683,3 516,328,11.05,перейти,239 000
Белгородская обл.,238 371,15.47,164 472,1 325,402,11.05,перейти,238 371
Воронежская обл.,235 500,10.21,184 000,2 214,414,8.05,перейти,242 142
Красноярский край,232 940,8.16,165 861,4 706,254,11.05,перейти,232 940
Волгоградская обл.,228 000,9.21,151 000,1 429,706,7.05,перейти,233 716
Ставропольский край,211 000,7.56,150 000,1 571,755,10.05,перейти,212 571
Иркутская обл.,209 888,8.84,131 630,2 394,408,11.05,перейти,209 888
Алтайский край,204 249,8.89,146 688,1 449,651,11.05,перейти,204 249
Кемеровская обл.,201 000,7.63,136 000,3 244,344,5.05,перейти,220 464
Саратовская обл.,190 500,7.95,129 000,1 500,671,6.05,перейти,198 000
Пермский край,189 435,7.34,132 568,1 828,602,11.05,перейти,189 435
Оренбургская обл.,187 395,9.65,12 905,1 643,477,11.05,перейти,187 395
Омская обл.,175 336,9.21,123 288,1 467,529,11.05,перейти,175 336
Крым,173 000,9.1,103 000,1 571,495,11.05,перейти,173 000
Ханты-Мансийский АО,170 692,10.11,102 269,4 195,160,11.05,перейти,170 692
Тульская обл.,152 000,10.49,117 000,2 571,223,11.05,перейти,152 000
Ленинградская обл.,150 340,7.94,107 090,2 845,280,11.05,перейти,150 340
Тюменская обл.,140 066,9.08,75 980,2 750,230,5.05,перейти,156 566
Кировская обл.,138 500,11.08,101 800,1 252,389,11.05,перейти,138 500
Забайкальский край,134 121,12.73,93 900,1 743,225,11.05,перейти,134 121
Липецкая обл.,125 000,11.08,102 000,714,615,11.05,перейти,125 000
Тверская обл.,116 039,9.32,104 994,578,877,11.05,перейти,116 039
Ивановская обл.,114 912,11.64,89 400,484,782,11.05,перейти,114 912
Приморский край,112 707,6.0,81 846,1 265,653,11.05,перейти,112 707
Саха,111 834,11.39,87 572,570,665,11.05,перейти,111 834
Курская обл.,111 098,10.13,90 573,543,805,11.05,перейти,111 098
Мордовия,111 047,14.26,84 990,818,340,11.05,перейти,111 047
Пензенская обл.,108 860,8.43,75 533,1 195,449,4.05,перейти,117 225
Брянская обл.,107 000,9.05,48 000,301,1 609,5.05,перейти,108 806
Ульяновская обл.,104 997,8.62,79 144,523,964,11.05,перейти,104 997
Ярославская обл.,104 008,8.38,79 110,573,902,11.05,перейти,104 008
Тамбовская обл.,101 017,10.16,76 593,709,559,11.05,перейти,101 017
Удмуртия,100 338,6.72,63 457,1 886,343,11.05,перейти,100 338
Калининградская обл.,95 296,9.36,67 784,982,422,11.05,перейти,95 296
Астраханская обл.,95 265,9.55,68 200,977,413,11.05,перейти,95 265
Архангельская обл.,93 942,8.68,60 215,1 915,234,8.05,перейти,99 687
Вологодская обл.,91 000,7.91,63 000,1 201,403,11.05,перейти,91 000
Хабаровский край,88 064,6.77,59 135,1 438,391,7.05,перейти,93 816
Владимирская обл.,86 000,6.41,64 000,1 571,372,5.05,перейти,95 426
Амурская обл.,85 914,10.99,65 595,862,354,7.05,перейти,89 362
Бурятия,82 000,8.32,53 000,779,527,6.05,перейти,85 895
Калужская обл.,82 000,8.19,62 629,306,1 368,11.05,перейти,82 000
Чувашия,81 000,6.71,55 000,1 714,305,6.05,перейти,89 570
Рязанская обл.,80 574,7.34,65 000,0,-,11.05,перейти,80 574
Томская обл.,80 135,7.49,57 137,611,745,11.05,перейти,80 135
Мурманская обл.,76 000,10.37,49 682,1 571,185,11.05,перейти,76 000
Коми,74 562,9.16,36 614,959,346,5.05,перейти,80 316
Курганская обл.,74 244,9.07,52 865,3 687,91,11.05,перейти,74 244
Дагестан,74 144,2.37,19 949,822,1 816,11.05,перейти,74 144
Смоленская обл.,68 735,7.46,53 361,401,977,11.05,перейти,68 735
Карелия,68 180,11.19,50 409,588,402,9.05,перейти,69 356
Ямало-Ненецкий АО,67 269,12.3,42 251,1 038,199,10.05,перейти,68 307
Сахалинская обл.,65 482,13.48,50 731,495,358,11.05,перейти,65 482
Орловская обл.,64 851,8.95,49 333,725,410,11.05,перейти,64 851
Чечня,63 626,4.25,25 498,1 089,629,7.05,перейти,67 982
Костромская обл.,60 831,9.68,43 981,372,681,11.05,перейти,60 831
Новгородская обл.,55 166,9.31,37 898,930,259,11.05,перейти,55 166
Севастополь,53 845,10.56,34 360,504,399,11.05,перейти,53 845
Псковская обл.,48 300,7.79,36 300,400,655,9.05,перейти,49 100
Марий Эл,48 000,7.11,35 000,1 143,253,7.05,перейти,52 572
Хакасия,46 733,8.78,33 835,402,545,11.05,перейти,46 733
Тыва,40 691,12.32,23 390,589,211,11.05,перейти,40 691
Калмыкия,34 000,12.59,10 000,571,177,11.05,перейти,34 000
Северная Осетия,31 422,4.53,20 326,721,437,30.04,перейти,39 353
Карачаево-Черкесия,30 062,6.46,14 800,555,365,5.05,перейти,33 392
Камчатский край,29 063,9.33,15 476,635,200,10.05,перейти,29 698
Кабардино-Балкария,28 953,3.33,22 126,422,961,10.05,перейти,29 375
Ингушетия,25 000,4.85,15 352,450,517,30.04,перейти,29 950
Алтай,22 131,10.02,16 187,109,811,11.05,перейти,22 131
Адыгея,20 955,4.52,15 500,462,456,30.04,перейти,26 037
Магаданская обл.,19 010,13.67,13 664,495,102,11.05,перейти,19 010
Чукотский АО,10 504,21.21,7 994,39,366,11.05,перейти,10 504
Еврейская АО,10 000,6.39,7 881,165,414,5.05,перейти,10 990
Ненецкий АО,6 700,15.09,3 634,82,189,6.05,перейти,7 110
