регион,"привито, чел.",% от насе-ления,"привито двумя комп., чел.","новых привитых, чел./день",дней до вакц. 50% нас.,обнов-лено,источник,"прогноз приви-тых, чел. *"
Москва,1 000 000,7.9,820 000,0,-,15.04,перейти,1 000 000
Московская обл.,800 000,10.38,340 938,13 143,232,27.04,перейти,865 715
Санкт-Петербург,570 335,10.59,438 652,4 717,450,2.05,перейти,570 335
Краснодарский край,408 000,7.18,210 680,6 369,382,30.04,перейти,420 738
Свердловская обл.,374 864,8.74,235 674,4 552,389,30.04,перейти,383 968
Ростовская обл.,314 007,7.51,186 155,3 804,467,2.05,перейти,314 007
Самарская обл.,308 000,9.76,210 000,6 000,212,1.05,перейти,314 000
Нижегородская обл.,273 000,8.59,152 267,4 286,307,29.04,перейти,285 858
Башкортостан,262 480,6.54,164 006,4 365,400,30.04,перейти,271 210
Татарстан,255 274,6.56,157 081,4 190,404,1.05,перейти,259 464
Белгородская обл.,228 499,14.83,139 078,2 859,190,2.05,перейти,228 499
Воронежская обл.,220 000,9.54,150 000,2 460,379,29.04,перейти,227 380
Волгоградская обл.,218 000,8.81,121 000,3 714,274,30.04,перейти,225 428
Новосибирская обл.,214 390,7.7,126 590,5 056,233,30.04,перейти,224 502
Челябинская обл.,210 000,6.1,139 039,571,2 647,30.04,перейти,211 142
Красноярский край,200 000,7.0,120 120,4 110,299,30.04,перейти,208 220
Ставропольский край,200 000,7.16,120 000,2 714,441,1.05,перейти,202 714
Алтайский край,193 695,8.43,121 594,2 897,329,2.05,перейти,193 695
Иркутская обл.,192 002,8.08,114 487,2 525,394,2.05,перейти,192 002
Саратовская обл.,180 000,7.52,114 000,3 110,327,29.04,перейти,189 330
Кемеровская обл.,180 000,6.84,116 253,2 024,562,29.04,перейти,186 072
Пермский край,176 172,6.83,107 466,2 193,508,2.05,перейти,176 172
Оренбургская обл.,169 000,8.7,12 905,2 995,268,29.04,перейти,177 985
Омская обл.,163 103,8.57,95 444,2 770,285,1.05,перейти,165 873
Крым,162 000,8.52,80 000,5 574,142,30.04,перейти,173 148
Ханты-Мансийский АО,141 325,8.37,68 325,5 103,138,28.04,перейти,161 737
Тульская обл.,134 000,9.25,88 000,1 819,325,26.04,перейти,144 914
Ленинградская обл.,130 424,6.89,80 459,2 193,372,27.04,перейти,141 389
Кировская обл.,129 735,10.38,76 527,1 962,252,30.04,перейти,133 659
Забайкальский край,121 473,11.53,80 226,1 461,277,2.05,перейти,121 473
Тюменская обл.,120 817,7.83,60 207,3 845,169,27.04,перейти,140 042
Липецкая обл.,120 000,10.64,80 000,2 286,194,29.04,перейти,126 858
Тверская обл.,111 610,8.96,81 876,900,568,2.05,перейти,111 610
Ивановская обл.,111 154,11.26,79 683,1 071,357,2.05,перейти,111 154
Саха,107 310,10.93,64 798,604,635,30.04,перейти,108 518
Курская обл.,107 023,9.76,80 838,898,491,2.05,перейти,107 023
Пензенская обл.,105 094,8.14,65 376,1 757,308,29.04,перейти,110 365
Мордовия,105 067,13.49,71 524,1 251,227,2.05,перейти,105 067
Брянская обл.,104 896,8.87,48 000,1 128,431,28.04,перейти,109 408
Приморский край,103 855,5.53,72 362,1 610,519,1.05,перейти,105 465
Ярославская обл.,100 000,8.06,60 817,3 143,166,30.04,перейти,106 286
Ульяновская обл.,99 000,8.13,60 000,1 450,352,2.05,перейти,99 000
Тамбовская обл.,95 502,9.6,67 274,915,439,2.05,перейти,95 502
Астраханская обл.,88 086,8.83,57 304,1 221,336,2.05,перейти,88 086
Удмуртия,87 135,5.83,55 520,687,960,2.05,перейти,87 135
Калининградская обл.,87 000,8.54,52 882,1 730,244,1.05,перейти,88 730
Владимирская обл.,84 668,6.31,61 427,1 524,385,30.04,перейти,87 716
Вологодская обл.,82 593,7.18,50 205,2 799,176,30.04,перейти,88 191
Рязанская обл.,80 574,7.34,54 513,1 274,368,30.04,перейти,83 122
Архангельская обл.,80 538,7.44,49 585,2 934,157,29.04,перейти,89 340
Амурская обл.,79 878,10.22,56 965,983,316,29.04,перейти,82 827
Хабаровский край,78 000,5.99,45 554,1 418,404,29.04,перейти,82 254
Бурятия,76 547,7.77,46 424,3 050,136,26.04,перейти,94 847
Калужская обл.,73 184,7.31,48 728,1 080,396,27.04,перейти,78 584
Чувашия,70 000,5.8,44 980,1 508,354,1.05,перейти,71 508
Коми,69 875,8.59,36 614,2 846,118,29.04,перейти,78 413
Дагестан,67 948,2.17,19 949,877,1 709,2.05,перейти,67 948
Томская обл.,66 191,6.18,43 000,720,651,28.04,перейти,69 071
Смоленская обл.,65 637,7.13,44 751,543,727,2.05,перейти,65 637
Мурманская обл.,65 000,8.87,49 682,2 714,111,26.04,перейти,81 284
Карелия,64 067,10.52,39 838,907,265,29.04,перейти,66 788
Сахалинская обл.,61 613,12.69,44 150,751,241,2.05,перейти,61 613
Ямало-Ненецкий АО,60 000,10.97,34 000,1 429,149,30.04,перейти,62 858
Орловская обл.,59 779,8.25,41 019,792,382,29.04,перейти,62 155
Костромская обл.,57 678,9.18,41 986,1 097,234,2.05,перейти,57 678
Чечня,56 000,3.74,25 498,1 714,404,27.04,перейти,64 570
Севастополь,50 314,9.87,25 071,1 060,193,30.04,перейти,52 434
Новгородская обл.,48 653,8.21,28 340,952,260,26.04,перейти,54 365
Курганская обл.,48 438,5.92,30 482,1 344,268,14.04,перейти,72 630
Псковская обл.,45 500,7.34,32 000,643,412,2.05,перейти,45 500
Хакасия,43 276,8.13,27 495,607,367,30.04,перейти,44 490
Марий Эл,40 000,5.92,22 000,1 241,240,22.04,перейти,52 410
Тыва,32 512,9.84,12 897,832,159,26.04,перейти,37 504
Северная Осетия,31 422,4.53,20 326,721,437,30.04,перейти,32 864
Калмыкия,30 000,11.11,10 000,1 099,96,22.04,перейти,40 990
Карачаево-Черкесия,28 300,6.08,14 800,1 014,202,30.04,перейти,30 328
Кабардино-Балкария,26 000,2.99,15 100,374,1 093,28.04,перейти,27 496
Ингушетия,25 000,4.85,15 352,450,517,30.04,перейти,25 900
Камчатский край,24 619,7.9,15 476,762,172,26.04,перейти,29 191
Алтай,20 966,9.49,12 899,496,180,2.05,перейти,20 966
Адыгея,20 955,4.52,15 500,462,456,30.04,перейти,21 879
Магаданская обл.,15 544,11.18,11 711,156,346,30.04,перейти,15 856
Чукотский АО,10 229,20.65,7 157,247,59,30.04,перейти,10 723
Еврейская АО,8 846,5.65,6 394,140,496,19.04,перейти,10 666
Ненецкий АО,6 128,13.81,3 634,130,124,29.04,перейти,6 518
