регион,"привито, чел.",% от насе-ления,% от плана ***,"привито двумя комп., чел.","новых привитых, чел./день",дней до вакц. 50% нас.,дней до вып. плана,обнов-лено,"2 комп./1 комп., %","план, % от нас."
Москва,1 500 000,11.85,23.78,1 300 000,12 500,386,385,26.05,86.67,49.83
Московская обл.,1 171 691,15.2,29.29,1 000 000,12 623,213,224,6.06,85.35,51.89
Санкт-Петербург,756 657,14.05,63.05,634 130,4 128,469,107,15.06,83.81,22.28
Краснодарский край,700 000,12.32,25.93,500 000,16 429,130,122,11.06,71.43,47.52
Свердловская обл.,518 148,12.08,30.48,435 000,2 789,583,424,15.06,83.95,39.63
Ростовская обл.,505 377,12.09,29.73,406 221,4 350,364,275,15.06,80.38,40.67
Самарская обл.,440 000,13.95,29.33,360 000,2 143,531,495,15.06,81.82,47.56
Татарстан,428 861,11.01,23.18,302 658,5 782,263,246,12.06,70.57,47.49
Башкортостан,402 804,10.04,20.14,325 066,2 031,790,786,15.06,80.7,49.85
Нижегородская обл.,398 000,12.53,26.06,321 000,3 357,355,336,15.06,80.65,48.07
Белгородская обл.,362 281,23.51,48.3,264 288,3 531,116,110,15.06,72.95,48.67
Новосибирская обл.,349 118,12.53,26.86,276 173,2 496,418,381,15.06,79.11,46.66
Волгоградская обл.,337 000,13.62,48.14,260 000,3 143,286,115,15.06,77.15,28.29
Челябинская обл.,326 699,9.49,20.42,281 511,2 967,470,429,14.06,86.17,46.48
Воронежская обл.,315 000,13.66,26.76,256 000,2 489,337,346,10.06,81.27,51.04
Красноярский край,313 000,10.96,24.08,250 000,2 461,453,401,11.06,79.87,45.52
Иркутская обл.,298 591,12.57,29.86,235 111,1 760,505,399,15.06,78.74,42.1
Ставропольский край,287 968,10.31,22.15,234 769,1 540,720,657,15.06,81.53,46.54
Саратовская обл.,283 266,11.83,23.53,227 492,2 815,325,327,15.06,80.31,50.28
Ханты-Мансийский АО,277 891,16.47,37.05,212 044,2 016,281,234,15.06,76.3,44.45
Алтайский край,274 647,11.96,14.77,227 031,1 547,565,1 025,15.06,82.66,81.0
Крым,265 183,13.95,23.24,197 897,2 256,304,388,15.06,74.63,60.02
Пермский край,265 132,10.28,22.09,213 515,1 804,568,518,15.06,80.53,46.53
Кемеровская обл.,264 000,10.02,21.36,167 200,571,1 844,1 702,31.05,63.33,46.91
Оренбургская обл.,256 000,13.18,28.59,205 642,1 838,389,348,15.06,80.33,46.11
Тюменская обл.,250 711,16.24,35.82,173 933,3 256,160,138,10.06,69.38,45.34
Омская обл.,235 598,12.38,25.92,192 500,1 668,429,404,15.06,81.71,47.77
Тульская обл.,206 935,14.28,28.51,166 250,1 367,379,380,15.06,80.34,50.09
Ленинградская обл.,199 828,10.56,26.64,153 052,1 550,482,355,10.06,76.59,39.63
Саха,185 425,18.88,26.68,137 216,863,354,591,15.06,74.0,70.78
Кировская обл.,181 189,14.49,25.34,149 222,1 289,344,414,11.06,82.36,57.18
Забайкальский край,174 895,16.6,36.88,146 895,707,498,423,15.06,83.99,45.01
Приморский край,173 627,9.25,27.28,118 672,1 429,536,324,15.06,68.35,33.9
Липецкая обл.,160 000,14.18,29.28,135 000,1 000,404,387,15.06,84.38,48.43
Пензенская обл.,151 969,11.77,23.87,124 544,1 325,372,366,15.06,81.95,49.31
Курская обл.,150 632,13.74,28.21,129 273,812,490,472,15.06,85.82,48.71
Мордовия,150 148,19.28,31.33,125 018,867,276,380,15.06,83.26,61.55
Ульяновская обл.,149 864,12.3,32.16,115 468,996,461,317,15.06,77.05,38.25
Брянская обл.,146 605,12.4,25.86,48 000,887,501,474,15.06,32.74,47.96
Тверская обл.,144 923,11.63,24.36,104 994,696,687,647,15.06,72.45,47.75
Бурятия,144 150,14.63,33.41,107 259,2 007,174,143,11.06,74.41,43.79
Ивановская обл.,140 738,14.26,32.63,121 109,536,658,542,15.06,86.05,43.7
Астраханская обл.,140 472,14.08,33.05,110 324,949,378,300,15.06,78.54,42.6
Тамбовская обл.,140 252,14.1,28.31,110 380,898,398,396,15.06,78.7,49.81
Ярославская обл.,136 463,10.99,22.5,115 000,642,754,732,15.06,84.27,48.85
Удмуртия,133 304,8.93,29.62,106 713,1 445,424,219,12.06,80.05,30.15
Архангельская обл.,130 790,12.08,28.92,108 345,605,679,531,15.06,82.84,41.77
Хабаровский край,129 700,9.97,21.16,94 674,786,663,615,15.06,72.99,47.12
Чувашия,127 900,10.59,21.75,93 419,843,565,546,15.06,73.04,48.69
Вологодская обл.,125 931,10.94,23.28,97 817,848,530,489,11.06,77.68,47.0
Калининградская обл.,125 287,12.3,33.41,100 040,755,509,331,8.06,79.85,36.82
Томская обл.,118 315,11.05,23.75,90 821,1 274,327,298,9.06,76.76,46.53
Рязанская обл.,117 000,10.65,21.62,87 718,603,717,704,15.06,74.97,49.27
Чечня,113 000,7.54,20.0,60 000,2 995,212,151,8.06,53.1,37.7
Владимирская обл.,112 830,8.41,18.81,93 893,670,833,727,10.06,83.22,44.72
Дагестан,112 629,3.59,8.34,19 949,1 687,862,733,15.06,17.71,43.03
Амурская обл.,112 544,14.39,31.02,94 064,697,399,359,15.06,83.58,46.38
Калужская обл.,112 426,11.23,23.05,84 457,741,524,506,15.06,75.12,48.71
Коми,109 674,13.48,28.94,80 573,606,490,444,15.06,73.47,46.58
Курганская обл.,106 066,12.96,27.23,77 176,1 358,223,209,4.06,72.76,47.6
Мурманская обл.,100 000,13.65,28.72,80 000,357,746,695,15.06,80.0,47.53
Смоленская обл.,96 147,10.44,20.76,78 570,652,559,563,15.06,81.72,50.3
Ямало-Ненецкий АО,91 000,16.64,37.3,76 000,378,483,405,15.06,83.52,44.62
Карелия,87 023,14.29,29.94,69 646,304,716,670,15.06,80.03,47.72
Сахалинская обл.,82 831,17.06,35.5,71 380,427,375,352,15.06,86.18,48.06
Орловская обл.,82 269,11.35,23.14,68 948,495,566,552,10.06,83.81,49.05
Костромская обл.,75 849,12.07,25.1,64 021,310,769,730,15.06,84.41,48.09
Новгородская обл.,74 657,12.6,25.98,61 022,438,506,486,15.06,81.74,48.49
Севастополь,70 548,13.83,32.21,59 225,332,556,447,15.06,83.95,42.93
Хакасия,65 112,12.24,26.91,51 653,467,430,379,15.06,79.33,45.49
Псковская обл.,64 600,10.42,21.13,52 900,486,505,496,11.06,81.89,49.32
Марий Эл,63 756,9.44,20.1,51 668,558,491,454,11.06,81.04,46.96
Тыва,55 200,16.71,44.41,43 500,371,296,186,15.06,78.8,37.62
Карачаево-Черкесия,50 402,10.83,23.33,39 501,612,298,271,15.06,78.37,46.41
Северная Осетия,49 972,7.21,15.63,38 173,552,537,489,10.06,76.39,46.14
Ингушетия,47 580,9.23,22.73,31 531,438,480,369,9.06,66.27,40.61
Кабардино-Балкария,43 534,5.01,10.97,32 319,605,646,584,13.06,74.24,45.68
Калмыкия,39 000,14.45,31.71,34 000,219,438,384,12.06,87.18,45.57
Камчатский край,35 730,11.46,24.14,31 396,140,858,802,11.06,87.87,47.47
Адыгея,35 303,7.62,18.38,25 000,347,566,452,15.06,70.82,41.46
Алтай,32 526,14.72,38.78,25 400,419,186,123,15.06,78.09,37.96
Магаданская обл.,25 170,18.1,59.93,21 522,182,244,92,15.06,85.51,30.2
Еврейская АО,16 947,10.83,23.5,12 138,222,276,248,13.06,71.62,46.08
Чукотский АО,13 491,27.24,59.68,11 120,86,131,106,8.06,82.43,45.64
Ненецкий АО,9 074,20.44,47.07,7 294,92,143,111,7.06,80.38,43.42
