регион,"привито, чел.",% от насе-ления,% от плана ***,"привито двумя комп., чел.","новых привитых, чел./день",дней до вакц. 50% нас.,дней до вып. плана,обнов-лено,"2 комп./1 комп., %"
Москва,1 500 000,11.85,,1 300 000,14 286,338,,26.05,86.67
Московская обл.,1 100 000,14.27,27.5,1 000 000,8 571,321,338,3.06,90.91
Санкт-Петербург,700 711,13.01,58.39,580 412,4 967,401,101,2.06,82.83
Краснодарский край,570 000,10.03,21.11,428 231,9 168,248,232,2.06,75.13
Свердловская обл.,477 421,11.13,28.08,397 936,5 106,327,239,3.06,83.35
Ростовская обл.,456 137,10.91,26.83,345 417,3 752,436,332,3.06,75.73
Самарская обл.,411 000,13.03,27.4,325 000,5 143,227,212,3.06,79.08
Татарстан,378 048,9.71,20.44,270 193,5 072,309,290,3.06,71.47
Башкортостан,375 106,9.35,18.76,286 662,3 313,493,490,3.06,76.42
Нижегородская обл.,363 000,11.43,36.3,275 000,4 357,281,146,3.06,75.76
Красноярский край,335 000,11.73,25.77,191 109,11 581,94,83,1.06,57.05
Новосибирская обл.,319 000,11.45,24.54,241 000,2 890,372,339,3.06,75.55
Белгородская обл.,317 941,20.63,42.39,228 935,4 014,113,108,3.06,72.01
Волгоградская обл.,300 000,12.12,,230 000,2 714,345,,2.06,76.67
Челябинская обл.,300 000,8.71,18.75,250 172,1 286,1 105,1 011,3.06,83.39
Воронежская обл.,292 476,12.69,24.85,233 800,2 854,301,310,2.06,79.94
Иркутская обл.,274 013,11.54,27.4,205 688,2 228,410,326,3.06,75.07
Ставропольский край,265 000,9.49,20.38,203 000,2 143,528,483,3.06,76.6
Кемеровская обл.,264 000,10.02,21.36,167 200,571,1 844,1 702,31.05,63.33
Саратовская обл.,263 561,11.0,21.89,197 356,2 712,344,347,3.06,74.88
Алтайский край,256 290,11.16,23.3,203 590,2 145,416,393,3.06,79.44
Ханты-Мансийский АО,248 576,14.73,33.14,169 381,3 745,159,134,2.06,68.14
Пермский край,242 431,9.4,20.2,187 217,2 108,497,454,3.06,77.22
Оренбургская обл.,238 320,12.27,26.61,12 905,3 270,224,201,2.06,5.41
Крым,232 866,12.25,20.41,170 076,3 221,223,282,2.06,73.04
Омская обл.,216 782,11.39,23.85,173 384,1 640,448,422,3.06,79.98
Тюменская обл.,215 429,13.96,,137 203,5 106,109,,28.05,63.69
Тульская обл.,188 000,12.97,33.01,149 000,2 571,209,148,2.06,79.26
Ленинградская обл.,186 955,9.88,24.93,145 102,1 768,430,318,2.06,77.61
Саха,173 467,17.67,24.96,112 954,2 792,114,187,3.06,65.12
Кировская обл.,171 000,13.68,,140 000,1 571,289,,3.06,81.87
Забайкальский край,164 667,15.63,34.72,130 284,736,492,421,3.06,79.12
Приморский край,155 470,8.28,24.43,113 119,1 527,513,315,3.06,72.76
Липецкая обл.,150 000,13.3,,125 000,2 086,199,,3.06,83.33
Курская обл.,141 214,12.88,24.77,118 159,909,448,472,3.06,83.67
Мордовия,139 543,17.91,29.11,111 386,1 159,216,293,3.06,79.82
Пензенская обл.,138 341,10.72,21.73,113 275,1 238,410,403,3.06,81.88
Тверская обл.,136 197,10.93,22.89,104 994,918,530,500,3.06,77.09
Брянская обл.,136 000,11.5,23.99,48 000,945,482,456,3.06,35.29
Ивановская обл.,134 044,13.58,,111 699,756,475,,3.06,83.33
Ульяновская обл.,132 169,10.85,28.36,101 798,1 386,344,241,31.05,77.02
Ярославская обл.,130 000,10.47,,104 000,1 842,266,,3.06,80.0
Астраханская обл.,128 567,12.89,30.25,95 539,1 380,268,215,3.06,74.31
Тамбовская обл.,127 914,12.86,25.82,97 431,1 068,346,344,3.06,76.17
Бурятия,126 000,12.79,30.0,80 000,1 286,285,229,2.06,63.49
Калининградская обл.,121 307,11.91,32.35,95 270,1 570,247,162,3.06,78.54
Архангельская обл.,121 183,11.19,26.8,94 750,1 124,374,294,3.06,78.19
Удмуртия,117 987,7.9,26.22,94 209,625,1 006,531,2.06,79.85
Чувашия,117 000,9.69,19.85,75 440,1 984,245,238,2.06,64.48
Хабаровский край,116 630,8.96,19.03,86 742,1 376,388,361,2.06,74.37
Вологодская обл.,115 000,9.99,21.1,87 000,1 143,403,376,31.05,75.65
Рязанская обл.,105 000,9.56,19.4,80 000,802,554,544,1.06,76.19
Амурская обл.,103 126,13.19,28.43,84 449,703,409,369,1.06,81.89
Владимирская обл.,102 480,7.64,17.08,84 000,926,614,537,26.05,81.97
Томская обл.,102 114,9.54,20.5,72 784,1 501,289,264,26.05,71.28
Курганская обл.,99 544,12.16,,72 136,993,312,,31.05,72.47
Калужская обл.,99 129,9.9,20.37,79 303,888,452,436,31.05,80.0
Дагестан,97 084,3.1,12.42,19 949,870,1 689,787,3.06,20.55
Мурманская обл.,92 600,12.64,27.0,70 800,800,342,313,31.05,76.46
Коми,90 000,11.06,23.75,63 585,143,2 215,2 021,2.06,70.65
Смоленская обл.,87 279,9.48,18.84,68 478,802,465,469,2.06,78.46
Ямало-Ненецкий АО,84 500,15.45,34.63,67 000,929,203,172,2.06,79.29
Орловская обл.,78 100,10.78,21.97,65 000,733,388,379,1.06,83.23
Сахалинская обл.,77 636,15.99,33.27,65 455,472,350,330,3.06,84.31
Карелия,77 588,12.74,26.7,63 083,745,305,286,26.05,81.31
Чечня,77 000,5.14,13.8,45 000,1 429,470,337,27.05,58.44
Костромская обл.,71 799,11.43,,59 600,529,458,,3.06,83.01
Новгородская обл.,66 324,11.2,,53 561,637,361,,31.05,80.76
Севастополь,66 192,12.98,,53 703,440,429,,3.06,81.13
Псковская обл.,59 900,9.66,,47 800,629,398,,2.06,79.8
Хакасия,58 621,11.02,24.22,45 494,527,394,348,2.06,77.61
Марий Эл,58 569,8.67,18.47,47 826,746,374,347,1.06,81.66
Карачаево-Черкесия,47 474,10.2,,32 268,701,264,,2.06,67.97
Тыва,47 046,14.24,37.94,33 013,478,247,161,24.05,70.17
Северная Осетия,45 555,6.57,,33 443,760,396,,2.06,73.41
Кабардино-Балкария,36 287,4.17,,27 644,453,879,,1.06,76.18
Калмыкия,34 685,12.85,28.2,25 443,669,150,132,15.05,73.35
Камчатский край,34 534,11.08,23.33,29 424,171,709,664,3.06,85.2
Ингушетия,31 698,6.15,,23 300,957,236,,17.05,73.51
Адыгея,30 443,6.57,15.85,22 000,492,409,329,1.06,72.27
Алтай,27 433,12.42,32.71,20 766,243,342,232,1.06,75.7
Магаданская обл.,23 351,16.8,55.6,19 322,148,312,126,2.06,82.75
Еврейская АО,14 500,9.27,20.11,11 000,214,298,269,2.06,75.86
Чукотский АО,12 801,25.85,56.63,10 172,142,84,69,31.05,79.46
Ненецкий АО,8 603,19.38,,6 792,158,86,,2.06,78.95
