регион,"привито, чел.",% от насе-ления,% от плана ***,"привито двумя комп., чел.","новых привитых, чел./день",дней до вакц. 50% нас.,дней до вып. плана,обнов-лено,"2 комп./1 комп., %","план, % от нас."
Москва,2 000 000,15.8,31.71,1 600 000,30 612,141,141,26.06,80.0,49.83
Московская обл.,1 441 783,18.7,36.04,1 000 000,30 255,80,85,28.06,69.36,51.88
Санкт-Петербург,858 869,15.95,71.57,696 191,9 005,204,38,28.06,81.06,22.29
Краснодарский край,780 000,13.72,28.89,572 368,7 796,264,246,28.06,73.38,47.49
Свердловская обл.,610 409,14.23,40.69,460 000,8 358,184,106,28.06,75.36,34.97
Ростовская обл.,598 276,14.31,35.19,462 037,8 910,168,124,28.06,77.23,40.66
Башкортостан,514 817,12.83,25.74,367 821,11 446,130,130,28.06,71.45,49.84
Татарстан,510 894,13.12,27.62,373 995,7 166,200,187,28.06,73.2,47.51
Самарская обл.,508 000,16.11,33.87,412 000,6 381,168,155,27.06,81.1,47.57
Нижегородская обл.,458 700,14.44,30.04,355 000,6 671,169,160,28.06,77.39,48.07
Белгородская обл.,438 704,28.46,58.49,314 108,7 108,47,44,28.06,71.6,48.65
Новосибирская обл.,410 960,14.75,31.61,312 904,4 701,209,189,28.06,76.14,46.66
Волгоградская обл.,394 000,15.92,56.29,305 000,5 429,155,56,28.06,77.41,28.28
Кемеровская обл.,376 158,14.28,30.43,269 900,7 737,122,111,28.06,71.75,46.92
Красноярский край,371 515,13.01,28.58,293 683,5 183,204,179,26.06,79.05,45.52
Челябинская обл.,358 000,10.4,22.38,311 754,2 608,523,476,28.06,87.08,46.48
Иркутская обл.,348 554,14.68,34.86,265 349,4 400,191,148,28.06,76.13,42.12
Саратовская обл.,335 529,14.01,27.87,260 000,4 552,189,191,28.06,77.49,50.27
Ставропольский край,335 000,12.0,25.77,258 213,4 371,243,221,28.06,77.08,46.57
Воронежская обл.,330 000,14.31,28.04,282 500,1 548,532,547,22.06,85.61,51.04
Ханты-Мансийский АО,329 184,19.51,43.89,240 962,4 206,122,100,28.06,73.2,44.45
Алтайский край,321 247,13.99,17.27,254 019,4 470,185,344,28.06,79.07,81.0
Пермский край,305 918,11.86,25.49,241 459,3 859,255,232,28.06,78.93,46.52
Тюменская обл.,300 000,19.44,42.86,211 000,4 265,111,94,25.06,70.33,45.36
Оренбургская обл.,292 630,15.06,32.68,233 070,3 542,192,170,28.06,79.65,46.09
Крым,290 927,15.3,25.5,225 000,3 147,210,270,24.06,77.34,60.0
Омская обл.,269 569,14.16,29.66,214 023,3 156,216,203,27.06,79.39,47.75
Тульская обл.,244 000,16.84,33.61,185 000,3 543,136,136,28.06,75.82,50.1
Ленинградская обл.,235 067,12.42,31.34,184 105,2 643,269,195,28.06,78.32,39.63
Приморский край,208 493,11.1,32.76,152 176,3 292,222,130,28.06,72.99,33.88
Кировская обл.,208 000,16.64,29.09,167 000,1 600,261,317,28.06,80.29,57.2
Саха,201 145,20.48,28.94,166 200,1 442,201,343,28.06,82.63,70.77
Забайкальский край,192 663,18.29,40.62,159 227,1 732,193,163,28.06,82.65,45.02
Липецкая обл.,192 600,17.07,35.24,151 900,3 229,115,110,28.06,78.87,48.44
Чечня,188 000,12.55,33.27,83 535,5 828,96,65,25.06,44.43,37.72
Пензенская обл.,178 671,13.84,28.06,139 268,2 234,209,205,28.06,77.95,49.32
Ульяновская обл.,178 404,14.64,38.28,137 797,2 486,173,116,28.06,77.24,38.24
Курская обл.,176 150,16.06,32.99,141 281,2 529,147,141,28.06,80.2,48.69
Брянская обл.,175 545,14.84,30.96,77 441,3 232,129,121,25.06,44.11,47.93
Мордовия,171 372,22.0,44.14,139 610,1 959,111,111,28.06,81.47,49.84
Бурятия,171 221,17.38,39.68,131 350,2 224,145,117,27.06,76.71,43.8
Ивановская обл.,170 258,17.25,39.48,130 438,2 787,116,94,28.06,76.61,43.69
Удмуртия,169 431,11.35,37.65,131 888,3 233,179,87,26.06,77.84,30.15
Тверская обл.,169 242,13.59,28.44,153 993,2 370,191,180,28.06,90.99,47.78
Астраханская обл.,168 149,16.85,39.56,126 927,2 595,127,99,28.06,75.48,42.59
Тамбовская обл.,161 902,16.28,32.68,125 039,2 012,167,166,28.06,77.23,49.82
Ярославская обл.,155 472,12.52,25.63,127 247,1 425,326,317,28.06,81.85,48.85
Хабаровский край,150 393,11.56,24.53,117 219,1 991,251,232,28.06,77.94,47.12
Вологодская обл.,146 000,12.68,26.99,117 700,1 571,273,251,28.06,80.62,46.99
Архангельская обл.,145 693,13.46,32.22,121 447,1 256,315,244,28.06,83.36,41.78
Дагестан,145 455,4.64,10.77,19 949,3 051,466,395,28.06,13.71,43.06
Калининградская обл.,144 040,14.14,38.41,118 954,1 558,234,148,25.06,82.58,36.81
Чувашия,140 000,11.59,23.81,114 000,1 293,359,346,25.06,81.43,48.68
Владимирская обл.,136 497,10.17,22.75,107 000,2 786,192,166,28.06,78.39,44.7
Калужская обл.,136 000,13.59,27.89,95 200,2 438,150,144,28.06,70.0,48.73
Томская обл.,132 500,12.38,26.6,107 486,1 214,332,301,24.06,81.12,46.55
Коми,128 395,15.78,33.88,102 616,1 933,144,130,28.06,79.92,46.58
Амурская обл.,127 912,16.36,35.26,102 110,1 490,177,158,28.06,79.83,46.4
Рязанская обл.,126 000,11.47,23.28,87 718,1 143,370,363,23.06,69.62,49.27
Курганская обл.,123 000,15.03,31.58,98 000,804,356,332,22.06,79.67,47.6
Мурманская обл.,114 000,15.56,32.74,93 507,1 059,238,221,28.06,82.02,47.53
Смоленская обл.,112 129,12.17,24.21,88 399,1 478,236,238,28.06,78.84,50.27
Ямало-Ненецкий АО,105 000,19.2,43.03,86 000,1 500,112,93,28.06,81.9,44.62
Сахалинская обл.,101 922,20.99,43.68,72 778,1 766,80,74,28.06,71.41,48.05
Карелия,95 609,15.7,32.9,78 970,922,227,212,24.06,82.6,47.72
Орловская обл.,91 983,12.69,25.87,76 961,696,388,379,25.06,83.67,49.05
Костромская обл.,88 566,14.09,29.31,67 841,1 274,177,168,28.06,76.6,48.08
Новгородская обл.,83 604,14.11,29.1,67 958,717,297,284,28.06,81.29,48.49
Севастополь,82 011,16.08,37.45,65 555,1 098,158,125,28.06,79.93,42.94
Хакасия,75 834,14.25,31.34,59 166,1 008,189,165,28.06,78.02,45.47
Марий Эл,74 785,11.07,23.58,58 771,819,321,296,28.06,78.59,46.95
Псковская обл.,71 700,11.56,23.45,58 400,750,318,312,24.06,81.45,49.3
Кабардино-Балкария,64 554,7.43,16.26,39 125,2 093,177,159,28.06,60.61,45.68
Северная Осетия,62 000,8.95,19.39,41 422,926,307,278,28.06,66.81,46.17
Ингушетия,61 661,11.96,29.45,45 862,741,265,199,28.06,74.38,40.61
Тыва,61 477,18.61,49.46,48 912,599,173,105,28.06,79.56,37.62
Карачаево-Черкесия,59 000,12.68,27.31,46 982,478,363,328,25.06,79.63,46.42
Камчатский край,41 144,13.2,27.8,33 712,553,207,193,28.06,81.94,47.48
Калмыкия,40 000,14.82,32.52,34 000,238,399,349,17.06,85.0,45.57
Адыгея,39 951,8.63,20.8,30 632,600,319,254,23.06,76.67,41.5
Алтай,36 857,16.68,43.95,29 002,456,161,103,28.06,78.69,37.96
Магаданская обл.,27 774,19.98,66.13,23 886,205,204,69,28.06,86.0,30.21
Еврейская АО,20 419,13.05,28.32,14 690,390,148,133,24.06,71.94,46.08
Чукотский АО,15 331,30.95,67.82,12 950,120,79,61,28.06,84.47,45.63
Ненецкий АО,10 413,23.46,54.02,8 920,85,139,104,28.06,85.66,43.43
