регион,"привито, чел.",% от насе-ления,% от плана ***,"привито двумя комп., чел.","новых привитых, чел./день",дней до вакц. 50% нас.,дней до вып. плана,обнов-лено,"2 комп./1 комп., %","план, % от нас."
Москва,1 500 000,11.85,23.78,1 300 000,14 286,338,336,26.05,86.67,49.83
Московская обл.,1 171 691,15.2,29.29,1 000 000,13 813,194,205,6.06,85.35,51.89
Санкт-Петербург,734 139,13.63,61.18,610 171,4 775,410,98,9.06,83.11,22.28
Краснодарский край,600 000,10.56,22.22,428 231,7 065,317,297,6.06,71.37,47.52
Свердловская обл.,502 374,11.71,29.55,420 431,5 680,289,211,9.06,83.69,39.63
Ростовская обл.,480 497,11.49,28.26,380 228,4 199,383,290,9.06,79.13,40.65
Самарская обл.,427 000,13.54,28.47,341 000,3 000,383,358,9.06,79.86,47.56
Татарстан,408 560,10.49,22.08,290 123,5 241,294,275,9.06,71.01,47.5
Башкортостан,392 282,9.77,19.61,306 656,3 094,522,520,9.06,78.17,49.81
Нижегородская обл.,378 000,11.9,37.8,309 000,4 000,303,156,9.06,81.75,31.48
Белгородская обл.,342 038,22.19,45.61,246 548,4 212,102,97,9.06,72.08,48.66
Красноярский край,335 000,11.73,25.77,191 109,11 581,94,83,1.06,57.05,45.52
Новосибирская обл.,327 697,11.76,25.21,252 607,3 570,298,272,7.06,77.09,46.65
Челябинская обл.,326 699,9.49,20.42,267 890,3 814,366,334,9.06,82.0,46.48
Волгоградская обл.,315 000,12.73,45.0,230 000,2 143,430,180,8.06,73.02,28.29
Воронежская обл.,312 863,13.57,26.58,253 020,2 912,288,297,9.06,80.87,51.05
Иркутская обл.,288 747,12.16,28.87,221 761,2 407,373,295,9.06,76.8,42.11
Ставропольский край,277 190,9.93,21.32,219 757,2 551,439,401,8.06,79.28,46.57
Алтайский край,266 388,11.6,14.32,216 172,1 850,477,861,9.06,81.15,80.99
Ханты-Мансийский АО,266 309,15.78,35.51,192 309,2 533,228,191,9.06,72.21,44.44
Кемеровская обл.,264 000,10.02,21.36,167 200,571,1 844,1 702,31.05,63.33,46.91
Саратовская обл.,263 561,11.0,21.89,205 922,2 184,428,431,7.06,78.13,50.25
Пермский край,256 149,9.93,21.35,201 630,2 269,455,416,9.06,78.72,46.52
Крым,252 146,13.26,22.1,182 301,2 754,254,323,9.06,72.3,60.0
Оренбургская обл.,244 881,12.6,27.34,196 479,937,775,694,9.06,80.23,46.08
Тюменская обл.,230 000,14.9,32.86,150 000,2 082,260,226,4.06,65.22,45.35
Омская обл.,227 416,11.95,25.02,183 261,1 796,403,380,9.06,80.58,47.77
Тульская обл.,196 000,13.53,27.0,155 500,3 714,142,143,7.06,79.34,50.11
Ленинградская обл.,195 644,10.34,26.09,153 052,1 954,384,284,7.06,78.23,39.64
Саха,180 837,18.42,26.02,125 656,1 470,211,350,9.06,69.49,70.8
Забайкальский край,171 460,16.28,36.15,140 680,1 176,302,257,9.06,82.05,45.03
Кировская обл.,171 000,13.68,23.92,140 000,1 571,289,346,3.06,81.87,57.2
Приморский край,165 778,8.83,26.05,118 672,1 788,432,263,9.06,71.58,33.9
Липецкая обл.,153 000,13.56,28.0,128 800,2 514,164,157,8.06,84.18,48.44
Курская обл.,146 509,13.36,27.44,124 250,1 104,364,351,9.06,84.81,48.69
Мордовия,145 666,18.7,30.39,118 419,1 122,217,297,9.06,81.29,61.53
Пензенская обл.,143 563,11.12,22.55,116 713,1 366,367,361,9.06,81.3,49.31
Ульяновская обл.,142 895,11.73,30.66,109 416,1 532,304,211,8.06,76.57,38.25
Тверская обл.,141 205,11.34,23.73,104 994,853,565,532,9.06,74.36,47.78
Брянская обл.,140 394,11.87,24.76,48 000,1 364,331,313,8.06,34.19,47.94
Бурятия,140 365,14.24,33.42,103 304,2 052,172,136,9.06,73.6,42.61
Ивановская обл.,137 830,13.96,31.96,116 793,671,530,437,9.06,84.74,43.68
Астраханская обл.,135 468,13.58,31.87,103 778,1 267,287,229,9.06,76.61,42.6
Тамбовская обл.,134 523,13.53,27.15,104 645,1 153,315,313,9.06,77.79,49.83
Ярославская обл.,130 961,10.55,21.59,106 904,1 980,247,240,7.06,81.63,48.86
Архангельская обл.,127 818,11.81,28.27,103 248,1 341,308,242,9.06,80.78,41.78
Удмуртия,126 367,8.46,28.08,101 528,1 197,518,270,9.06,80.34,30.13
Калининградская обл.,125 287,12.3,33.41,100 040,755,509,331,8.06,79.85,36.82
Хабаровский край,125 000,9.61,20.39,94 674,1 196,439,408,9.06,75.74,47.13
Вологодская обл.,124 000,10.77,22.92,96 000,1 286,351,324,8.06,77.42,46.99
Чувашия,122 000,10.1,20.75,92 000,2 143,225,217,8.06,75.41,48.68
Томская обл.,118 315,11.05,23.75,90 821,2 314,180,164,9.06,76.76,46.53
Чечня,113 000,7.54,20.0,60 000,5 143,124,88,8.06,53.1,37.7
Владимирская обл.,108 846,8.11,18.14,90 802,909,618,540,4.06,83.42,44.71
Амурская обл.,108 088,13.82,29.8,86 000,709,399,359,9.06,79.56,46.38
Калужская обл.,106 500,10.64,21.84,84 457,1 053,374,362,7.06,79.3,48.72
Курганская обл.,106 066,12.96,27.23,77 176,1 925,158,147,4.06,72.76,47.6
Коми,106 024,13.03,27.97,63 585,2 289,131,119,9.06,59.97,46.58
Рязанская обл.,105 000,9.56,19.4,87 718,714,622,611,4.06,83.54,49.28
Дагестан,102 511,3.27,7.59,19 949,946,1 548,1 319,9.06,19.46,43.06
Мурманская обл.,97 500,13.3,28.0,80 000,700,384,358,8.06,82.05,47.5
Смоленская обл.,92 348,10.03,19.94,74 076,724,509,512,9.06,80.21,50.31
Ямало-Ненецкий АО,88 352,16.15,36.21,72 000,792,234,197,8.06,81.49,44.6
Карелия,84 893,13.94,29.21,69 646,1 044,210,197,8.06,82.04,47.72
Орловская обл.,81 566,11.26,22.94,68 115,454,618,604,9.06,83.51,49.08
Сахалинская обл.,80 516,16.58,34.51,68 767,482,337,317,9.06,85.41,48.05
Костромская обл.,74 048,11.78,24.5,59 600,521,461,438,9.06,80.49,48.08
Новгородская обл.,72 260,12.2,25.15,58 445,848,264,254,9.06,80.88,48.51
Севастополь,68 834,13.5,31.43,56 686,432,431,348,9.06,82.35,42.95
Псковская обл.,63 000,10.16,20.6,51 000,443,558,548,9.06,80.95,49.31
Хакасия,62 597,11.77,25.87,48 803,568,358,316,9.06,77.96,45.5
Марий Эл,61 559,9.12,19.41,49 907,427,647,599,8.06,81.07,46.99
Тыва,53 231,16.11,42.83,40 907,884,127,80,9.06,76.85,37.62
Карачаево-Черкесия,50 402,10.83,23.33,37 149,418,436,396,9.06,73.71,46.41
Ингушетия,47 580,9.23,22.73,31 531,2 269,93,71,9.06,66.27,40.61
Северная Осетия,45 555,6.57,14.24,33 443,760,396,361,2.06,73.41,46.12
Кабардино-Балкария,39 906,4.59,10.05,29 424,558,707,640,7.06,73.73,45.65
Калмыкия,38 000,14.07,30.89,25 443,474,205,179,9.06,66.96,45.54
Камчатский край,35 312,11.33,23.86,30 774,140,861,805,9.06,87.15,47.49
Адыгея,30 443,6.57,15.85,22 000,492,409,329,1.06,72.27,41.46
Алтай,29 858,13.51,35.6,22 914,346,233,156,9.06,76.74,37.95
Магаданская обл.,23 351,16.8,55.6,20 727,0,-,,9.06,88.76,30.22
Еврейская АО,14 500,9.27,20.11,11 000,214,298,269,2.06,75.86,46.09
Чукотский АО,13 491,27.24,59.68,11 120,99,114,92,8.06,82.43,45.64
Ненецкий АО,9 074,20.44,47.07,7 294,225,58,45,7.06,80.38,43.42
