регион,"привито, чел.",% от насе-ления,% от плана ***,"привито двумя комп., чел.","новых привитых, чел./день",дней до вакц. 50% нас.,обнов-лено,источник,"прогноз приви-тых, чел. *","2 комп./1 комп., %"
Москва,1 400 000,11.06,,1 300 000,25 000,86,18.05,перейти,1 575 000,92.86
Московская обл.,1 040 000,13.49,26.0,340 938,20 000,141,24.05,перейти,1 060 000,32.78
Санкт-Петербург,653 932,12.15,54.49,553 352,4 581,445,24.05,перейти,658 513,84.62
Краснодарский край,505 827,8.9,18.73,210 680,7 690,304,20.05,перейти,544 277,41.65
Свердловская обл.,441 678,10.3,,355 517,3 152,540,21.05,перейти,454 286,80.49
Ростовская обл.,418 707,10.01,24.63,312 210,5 597,299,25.05,перейти,418 707,74.57
Самарская обл.,375 000,11.89,25.0,300 000,6 000,200,24.05,перейти,381 000,80.0
Башкортостан,343 729,8.56,,256 265,4 033,412,25.05,перейти,343 729,74.55
Нижегородская обл.,332 500,10.47,33.25,275 000,2 857,440,25.05,перейти,332 500,82.71
Татарстан,323 674,8.31,17.5,226 987,4 586,354,24.05,перейти,328 260,70.13
Новосибирская обл.,290 097,10.41,22.32,213 160,5 300,208,25.05,перейти,290 097,73.48
Белгородская обл.,284 087,18.43,37.88,211 144,3 591,135,25.05,перейти,284 087,74.32
Челябинская обл.,275 000,7.99,,228 077,3 429,422,23.05,перейти,281 858,82.94
Воронежская обл.,272 500,11.82,,226 000,3 237,272,25.05,перейти,272 500,82.94
Кемеровская обл.,260 000,9.87,21.04,167 200,6 670,158,24.05,перейти,266 670,64.31
Красноярский край,253 932,8.89,19.53,191 109,2 999,391,18.05,перейти,274 925,75.26
Иркутская обл.,252 048,10.61,,182 490,3 091,303,25.05,перейти,252 048,72.4
Ставропольский край,244 052,8.74,,192 000,2 436,473,25.05,перейти,244 052,78.67
Волгоградская обл.,239 000,9.66,,176 000,1 571,635,15.05,перейти,254 710,73.64
Алтайский край,235 423,10.25,21.4,189 734,2 361,387,25.05,перейти,235 423,80.59
Саратовская обл.,226 926,9.47,18.85,181 937,1 915,507,25.05,перейти,226 926,80.17
Ханты-Мансийский АО,222 360,13.18,29.65,152 164,3 933,158,25.05,перейти,222 360,68.43
Пермский край,220 623,8.55,,172 837,2 447,437,25.05,перейти,220 623,78.34
Оренбургская обл.,215 433,11.09,23.42,12 905,2 205,343,24.05,перейти,217 638,5.99
Омская обл.,200 291,10.52,,159 838,1 899,396,25.05,перейти,200 291,79.8
Крым,187 367,9.85,,133 690,1 886,405,19.05,перейти,198 683,71.35
Тюменская обл.,179 686,11.64,,129 000,1 599,370,21.05,перейти,186 082,71.79
Ленинградская обл.,172 026,9.09,11.0,135 762,1 838,421,24.05,перейти,173 864,78.92
Тульская обл.,170 000,11.73,29.85,140 000,2 571,216,24.05,перейти,172 571,82.35
Забайкальский край,157 077,14.91,33.12,117 681,1 505,246,25.05,перейти,157 077,74.92
Кировская обл.,151 000,12.08,,123 000,1 154,411,20.05,перейти,156 770,81.46
Саха,146 179,14.89,,104 790,3 084,112,25.05,перейти,146 179,71.69
Приморский край,137 229,7.31,21.56,98 000,1 984,404,24.05,перейти,139 213,71.41
Липецкая обл.,135 400,12.0,,116 200,1 486,288,20.05,перейти,142 830,85.82
Курская обл.,131 222,11.97,23.02,111 641,1 038,402,24.05,перейти,132 260,85.08
Мордовия,127 991,16.43,26.7,104 404,1 289,203,25.05,перейти,127 991,81.57
Тверская обл.,127 099,10.2,,104 994,842,589,25.05,перейти,127 099,82.61
Брянская обл.,126 389,10.69,22.29,48 000,1 856,251,25.05,перейти,126 389,37.98
Пензенская обл.,125 700,9.74,19.76,107 599,1 812,287,24.05,перейти,127 512,85.6
Ивановская обл.,125 249,12.69,,105 488,839,439,24.05,перейти,126 088,84.22
Ульяновская обл.,122 464,10.05,24.49,96 832,1 409,345,24.05,перейти,123 873,79.07
Тамбовская обл.,117 453,11.81,,91 865,1 216,312,25.05,перейти,117 453,78.21
Ярославская обл.,117 104,9.43,,96 619,1 121,449,24.05,перейти,118 225,82.51
Астраханская обл.,115 169,11.54,27.1,86 318,1 540,249,25.05,перейти,115 169,74.95
Удмуртия,110 993,7.43,,86 256,892,713,25.05,перейти,110 993,77.71
Калининградская обл.,110 000,10.8,29.33,80 000,1 568,255,25.05,перейти,110 000,72.73
Архангельская обл.,107 310,9.91,23.73,81 718,1 219,356,20.05,перейти,113 405,76.15
Вологодская обл.,107 000,9.3,20.33,80 000,1 302,360,24.05,перейти,108 302,74.77
Хабаровский край,107 000,8.22,,70 000,1 500,362,24.05,перейти,108 500,65.42
Чувашия,103 113,8.54,17.5,75 440,1 445,347,25.05,перейти,103 113,73.16
Бурятия,101 831,10.33,,68 476,2 833,138,14.05,перейти,132 994,67.24
Томская обл.,99 633,9.31,20.0,71 711,2 018,216,25.05,перейти,99 633,71.98
Владимирская обл.,99 500,7.41,,84 000,786,727,25.05,перейти,99 500,84.42
Рязанская обл.,99 384,9.05,,80 000,1 132,397,25.05,перейти,99 384,80.5
Амурская обл.,98 208,12.56,27.07,78 213,991,295,25.05,перейти,98 208,79.64
Калужская обл.,92 910,9.28,19.09,72 683,757,538,24.05,перейти,93 667,78.23
Курганская обл.,92 590,11.31,,68 544,1 584,200,24.05,перейти,94 174,74.03
Дагестан,89 983,2.87,11.51,19 949,1 642,899,24.05,перейти,91 625,22.17
Коми,89 000,10.94,23.48,63 585,1 212,262,21.05,перейти,93 848,71.44
Мурманская обл.,87 000,11.87,,57 511,857,326,24.05,перейти,87 857,66.1
Смоленская обл.,79 365,8.62,,64 857,899,424,24.05,перейти,80 264,81.72
Ямало-Ненецкий АО,78 000,14.26,31.97,61 000,851,230,24.05,перейти,78 851,78.21
Карелия,76 152,12.5,26.2,62 222,766,298,24.05,перейти,76 918,81.71
Сахалинская обл.,73 093,15.05,31.33,61 058,556,305,25.05,перейти,73 093,83.53
Орловская обл.,72 966,10.07,,60 258,939,308,25.05,перейти,72 966,82.58
Чечня,72 000,4.81,12.9,45 000,1 196,566,24.05,перейти,73 196,62.5
Костромская обл.,66 678,10.61,,55 378,397,624,25.05,перейти,66 678,83.05
Марий Эл,62 020,9.18,23.85,45 533,1 562,176,24.05,перейти,63 582,73.42
Новгородская обл.,61 862,10.44,,49 144,484,484,24.05,перейти,62 346,79.44
Севастополь,61 672,12.09,,49 994,576,336,25.05,перейти,61 672,81.06
Псковская обл.,55 500,8.95,,44 600,571,446,25.05,перейти,55 500,80.36
Хакасия,54 282,10.2,22.43,42 574,613,345,25.05,перейти,54 282,78.43
Тыва,47 046,14.24,37.94,33 013,478,247,24.05,перейти,47 524,70.17
Северная Осетия,40 234,5.8,,29 409,637,481,21.05,перейти,42 782,73.09
Карачаево-Черкесия,39 056,8.39,,24 797,781,248,20.05,перейти,42 961,63.49
Калмыкия,34 685,12.85,,25 443,669,150,15.05,перейти,41 375,73.35
Кабардино-Балкария,33 118,3.81,,26 033,369,1 088,25.05,перейти,33 118,78.61
Камчатский край,32 676,10.48,,27 322,230,535,25.05,перейти,32 676,83.61
Ингушетия,31 698,6.15,,23 300,957,236,17.05,перейти,39 354,73.51
Адыгея,27 000,5.83,,15 500,580,353,24.05,перейти,27 580,57.41
Алтай,25 394,11.49,30.28,19 450,292,291,24.05,перейти,25 686,76.59
Магаданская обл.,22 318,16.05,,17 686,300,157,24.05,перейти,22 618,79.25
Еврейская АО,12 000,7.67,,9 700,286,232,21.05,перейти,13 144,80.83
Чукотский АО,11 807,23.84,52.23,8 878,158,82,21.05,перейти,12 439,75.19
Ненецкий АО,7 500,16.9,,5 600,78,188,20.05,перейти,7 890,74.67
