регион,"привито, чел.",% от насе-ления,"средний темп, чел./день","средний темп к нас., %",дней до вакц. 50% нас.,"привито двумя комп., чел.",обнов-лено,"2 комп./1 комп., %"
Москва,2 700 000,21.34,65 714,0.52,55,1 600 000,3.07,59.26
Московская обл.,1 618 021,20.99,39 345,0.51,57,1 000 000,2.07,61.8
Санкт-Петербург,953 639,17.71,14 259,0.26,122,722 168,4.07,75.73
Краснодарский край,812 296,14.29,10 957,0.19,185,599 754,2.07,73.83
Ростовская обл.,689 636,16.49,14 161,0.34,99,492 060,4.07,71.35
Свердловская обл.,656 837,15.31,10 198,0.24,146,496 000,2.07,75.51
Башкортостан,586 982,14.62,13 930,0.35,102,382 230,2.07,65.12
Татарстан,573 474,14.73,10 117,0.26,136,392 987,3.07,68.53
Самарская обл.,555 000,17.6,7 857,0.25,130,426 000,2.07,76.76
Нижегородская обл.,515 000,16.21,8 943,0.28,120,368 068,3.07,71.47
Белгородская обл.,475 659,30.86,8 459,0.55,35,333 447,2.07,70.1
Новосибирская обл.,454 745,16.32,7 964,0.29,118,330 791,1.07,72.74
Челябинская обл.,444 861,12.92,8 443,0.25,151,328 487,4.07,73.84
Волгоградская обл.,427 000,17.26,6 857,0.28,118,319 000,2.07,74.71
Кемеровская обл.,420 000,15.95,9 714,0.37,92,281 000,1.07,66.9
Красноярский край,400 000,14.01,6 139,0.21,167,300 000,1.07,75.0
Иркутская обл.,384 193,16.18,5 357,0.23,150,278 198,4.07,72.41
Ставропольский край,381 000,13.64,6 857,0.25,148,271 347,4.07,71.22
Саратовская обл.,378 440,15.8,6 130,0.26,134,275 174,2.07,72.71
Воронежская обл.,375 998,16.31,5 767,0.25,135,304 264,30.06,80.92
Алтайский край,358 059,15.59,5 397,0.24,146,265 848,4.07,74.25
Пермский край,351 189,13.62,6 577,0.25,143,256 372,4.07,73.0
Ханты-Мансийский АО,350 000,20.74,3 433,0.2,144,270 000,4.07,77.14
Тюменская обл.,326 000,21.12,5 286,0.34,84,229 000,1.07,70.25
Оренбургская обл.,325 942,16.78,5 761,0.3,112,244 485,2.07,75.01
Крым,323 000,16.99,4 012,0.21,156,249 000,2.07,77.09
Омская обл.,304 222,15.98,4 950,0.26,131,226 008,4.07,74.29
Чечня,300 852,20.08,13 836,0.92,32,83 535,4.07,27.77
Ленинградская обл.,267 422,14.13,4 914,0.26,138,194 065,4.07,72.57
Тульская обл.,266 213,18.37,5 666,0.39,81,190 167,1.07,71.43
Приморский край,239 343,12.75,4 596,0.24,152,164 309,4.07,68.65
Кировская обл.,222 000,17.76,2 715,0.22,148,173 000,1.07,77.93
Саха,215 837,21.98,2 152,0.22,128,176 293,4.07,81.68
Липецкая обл.,207 700,18.41,3 746,0.33,95,155 100,1.07,74.68
Забайкальский край,203 960,19.36,1 618,0.15,199,166 467,4.07,81.62
Брянская обл.,203 432,17.2,3 701,0.31,105,77 441,4.07,38.07
Тверская обл.,200 400,16.09,4 661,0.37,91,153 993,4.07,76.84
Удмуртия,198 504,13.29,4 153,0.28,132,145 065,3.07,73.08
Курская обл.,198 498,18.1,3 248,0.3,108,146 669,4.07,73.89
Ульяновская обл.,196 553,16.13,3 754,0.31,110,145 399,2.07,73.97
Ивановская обл.,193 824,19.64,3 511,0.36,85,134 924,4.07,69.61
Бурятия,193 760,19.66,3 220,0.33,93,139 102,4.07,71.79
Пензенская обл.,190 709,14.77,3 160,0.24,144,143 950,1.07,75.48
Астраханская обл.,188 928,18.93,3 129,0.31,99,134 214,4.07,71.04
Мордовия,187 328,24.05,2 574,0.33,79,144 865,4.07,77.33
Тамбовская обл.,180 734,18.17,2 843,0.29,111,133 581,4.07,73.91
Вологодская обл.,170 000,14.77,4 232,0.37,96,120 000,2.07,70.59
Хабаровский край,167 225,12.85,2 560,0.2,189,126 122,4.07,75.42
Ярославская обл.,164 000,13.21,1 714,0.14,266,130 000,2.07,79.27
Калининградская обл.,164 000,16.1,3 266,0.32,106,122 594,1.07,74.75
Архангельская обл.,161 744,14.94,2 486,0.23,153,126 399,4.07,78.15
Чувашия,160 000,13.25,2 607,0.22,170,117 000,3.07,73.13
Дагестан,156 282,4.99,2 275,0.07,620,94 703,4.07,60.6
Томская обл.,155 592,14.54,2 962,0.28,128,115 546,2.07,74.26
Курганская обл.,155 000,18.94,2 612,0.32,97,110 000,3.07,70.97
Калужская обл.,150 000,14.99,3 393,0.34,103,95 200,1.07,63.47
Рязанская обл.,140 000,12.75,2 178,0.2,188,110 000,29.06,78.57
Коми,139 613,17.16,2 133,0.26,125,106 658,2.07,76.4
Амурская обл.,136 427,17.45,1 918,0.25,133,105 313,3.07,77.19
Владимирская обл.,133 848,9.97,1 549,0.12,347,108 627,29.06,81.16
Смоленская обл.,131 211,14.24,2 906,0.32,113,93 054,4.07,70.92
Мурманская обл.,118 444,16.16,1 453,0.2,171,93 507,30.06,78.95
Сахалинская обл.,114 430,23.56,2 159,0.44,59,72 778,4.07,63.6
Орловская обл.,111 964,15.45,2 147,0.3,117,81 973,4.07,73.21
Ямало-Ненецкий АО,111 325,20.35,1 508,0.28,108,88 577,2.07,79.57
Карелия,100 033,16.42,902,0.15,227,81 385,30.06,81.36
Костромская обл.,97 620,15.53,1 484,0.24,146,72 955,3.07,74.73
Новгородская обл.,92 232,15.57,1 387,0.23,147,71 071,2.07,77.06
Севастополь,87 733,17.2,1 257,0.25,133,66 936,2.07,76.3
Псковская обл.,86 594,13.96,1 749,0.28,128,63 250,4.07,73.04
Марий Эл,86 355,12.79,1 889,0.28,133,60 976,2.07,70.61
Хакасия,85 872,16.14,1 978,0.37,91,61 836,2.07,72.01
Кабардино-Балкария,71 000,8.17,1 838,0.21,198,39 125,2.07,55.11
Северная Осетия,66 000,9.52,1 312,0.19,214,46 859,30.06,71.0
Карачаево-Черкесия,65 000,13.97,757,0.16,222,50 285,3.07,77.36
Тыва,64 565,19.54,588,0.18,171,50 136,1.07,77.65
Ингушетия,61 661,11.96,741,0.14,265,45 862,28.06,74.38
Адыгея,50 717,10.95,1 197,0.26,151,32 000,2.07,63.1
Калмыкия,44 000,16.3,333,0.12,273,44 000,29.06,100.0
Камчатский край,43 957,14.1,542,0.17,206,34 632,2.07,78.79
Алтай,40 649,18.4,565,0.26,124,30 633,4.07,75.36
Магаданская обл.,27 774,19.98,205,0.15,204,24 568,3.07,88.46
Еврейская АО,24 155,15.43,467,0.3,116,16 694,2.07,69.11
Чукотский АО,16 229,32.77,178,0.36,48,13 375,2.07,82.41
Ненецкий АО,10 500,23.65,79,0.18,148,8 920,30.06,84.95
