регион,"привито, чел.",% от насе-ления,% от плана ***,"привито двумя комп., чел.","новых привитых, чел./день",дней до вакц. 50% нас.,дней до вып. плана,обнов-лено,"2 комп./1 комп., %"
Москва,1 500 000,11.85,23.78,1 300 000,14 286,338,336,26.05,86.67
Московская обл.,1 171 691,15.2,29.29,1 000 000,13 813,194,205,6.06,85.35
Санкт-Петербург,700 711,13.01,58.39,580 412,4 967,401,101,2.06,82.83
Краснодарский край,600 000,10.56,22.22,428 231,7 065,317,297,6.06,71.37
Свердловская обл.,483 624,11.27,28.45,403 639,3 002,553,405,4.06,83.46
Ростовская обл.,468 308,11.2,27.55,364 267,3 854,421,320,6.06,77.78
Самарская обл.,411 000,13.03,27.4,325 000,5 143,227,212,3.06,79.08
Татарстан,385 000,9.89,20.81,270 193,5 280,296,277,4.06,70.18
Башкортостан,375 106,9.35,18.76,286 662,3 313,493,490,3.06,76.42
Нижегородская обл.,370 500,11.66,37.05,275 000,5 429,224,116,5.06,74.22
Красноярский край,335 000,11.73,25.77,191 109,11 581,94,83,1.06,57.05
Белгородская обл.,327 569,21.25,43.68,236 469,4 003,111,106,5.06,72.19
Новосибирская обл.,319 000,11.45,24.54,241 000,2 890,372,339,3.06,75.55
Волгоградская обл.,300 000,12.12,42.86,230 000,2 714,345,147,2.06,76.67
Челябинская обл.,300 000,8.71,18.75,259 243,1 286,1 105,1 011,5.06,86.41
Воронежская обл.,292 476,12.69,24.85,233 800,2 854,301,310,2.06,79.94
Иркутская обл.,282 245,11.88,28.22,214 661,2 237,405,321,6.06,76.05
Ставропольский край,280 000,10.03,21.54,211 000,3 705,301,275,4.06,75.36
Кемеровская обл.,264 000,10.02,21.36,167 200,571,1 844,1 702,31.05,63.33
Саратовская обл.,263 561,11.0,21.89,197 356,2 712,344,347,3.06,74.88
Алтайский край,261 853,11.4,23.8,210 146,1 967,451,426,6.06,80.25
Пермский край,249 412,9.67,20.78,197 843,2 051,507,463,6.06,79.32
Ханты-Мансийский АО,248 576,14.73,33.14,169 381,3 745,159,134,2.06,68.14
Оренбургская обл.,238 320,12.27,26.61,12 905,3 270,224,201,2.06,5.41
Крым,232 866,12.25,20.41,170 076,3 221,223,282,2.06,73.04
Тюменская обл.,230 000,14.9,32.86,150 000,2 082,260,226,4.06,65.22
Омская обл.,222 017,11.66,24.42,178 472,1 603,455,429,6.06,80.39
Ленинградская обл.,191 005,10.09,25.47,148 759,1 616,467,346,4.06,77.88
Тульская обл.,188 000,12.97,33.01,149 000,2 571,209,148,2.06,79.26
Саха,177 135,18.04,25.48,120 708,2 764,114,187,5.06,68.14
Кировская обл.,171 000,13.68,23.92,140 000,1 571,289,346,3.06,81.87
Забайкальский край,167 635,15.91,35.35,135 107,1 054,341,291,5.06,80.6
Приморский край,157 744,8.4,24.79,115 484,1 544,506,310,4.06,73.21
Липецкая обл.,150 000,13.3,27.45,125 000,2 086,199,190,3.06,83.33
Курская обл.,144 381,13.17,25.33,121 510,1 178,343,361,6.06,84.16
Мордовия,141 587,18.18,29.54,113 860,1 125,220,300,5.06,80.42
Брянская обл.,139 316,11.78,24.57,48 000,1 210,374,353,6.06,34.45
Ульяновская обл.,139 000,11.41,29.83,106 000,1 812,259,180,4.06,76.26
Тверская обл.,138 997,11.16,23.36,104 994,889,544,513,6.06,75.54
Пензенская обл.,138 341,10.72,21.73,113 275,1 238,410,403,3.06,81.88
Ивановская обл.,135 958,13.77,31.53,114 312,723,495,408,6.06,84.08
Астраханская обл.,132 024,13.23,31.06,99 684,1 285,285,228,6.06,75.5
Тамбовская обл.,131 826,13.26,26.61,101 034,1 196,306,304,5.06,76.64
Ярославская обл.,130 000,10.47,21.43,104 000,1 842,266,259,3.06,80.0
Бурятия,126 000,12.79,30.0,80 000,1 286,285,229,2.06,63.49
Архангельская обл.,124 943,11.54,27.63,99 672,1 661,251,197,5.06,79.77
Удмуртия,123 190,8.25,27.38,97 985,1 037,601,315,5.06,79.54
Хабаровский край,122 500,9.41,19.98,86 742,2 214,239,222,4.06,70.81
Калининградская обл.,121 307,11.91,32.35,95 270,1 570,247,162,3.06,78.54
Вологодская обл.,120 000,10.43,22.02,87 000,857,532,496,4.06,72.5
Чувашия,117 000,9.69,19.9,75 440,1 984,245,237,2.06,64.48
Томская обл.,111 479,10.42,22.38,81 334,1 338,317,289,4.06,72.96
Владимирская обл.,108 846,8.11,18.14,90 802,909,618,540,4.06,83.42
Курганская обл.,106 066,12.96,27.23,77 176,1 925,158,147,4.06,72.76
Амурская обл.,106 000,13.56,29.22,86 000,1 113,256,231,4.06,81.13
Рязанская обл.,105 000,9.56,19.4,87 718,714,622,611,4.06,83.54
Коми,103 062,12.67,27.19,63 585,2 009,151,137,4.06,61.7
Чечня,101 051,6.75,18.1,60 000,3 436,189,133,4.06,59.38
Дагестан,99 285,3.17,12.7,19 949,884,1 660,772,5.06,20.09
Калужская обл.,99 129,9.9,20.37,79 303,888,452,436,31.05,80.0
Мурманская обл.,92 600,12.64,27.0,70 800,800,342,313,31.05,76.46
Смоленская обл.,90 616,9.84,19.56,72 022,738,501,505,6.06,79.48
Ямало-Ненецкий АО,84 500,15.45,34.63,67 000,929,203,172,2.06,79.29
Сахалинская обл.,78 574,16.18,33.67,66 493,468,351,331,6.06,84.62
Орловская обл.,78 388,10.82,22.05,64 705,775,366,358,2.06,82.54
Карелия,77 588,12.74,26.7,63 083,745,305,286,26.05,81.31
Костромская обл.,73 392,11.68,24.28,59 600,649,371,353,6.06,81.21
Севастополь,66 848,13.11,30.52,53 703,440,428,346,4.06,80.34
Новгородская обл.,66 324,11.2,23.08,53 561,637,361,347,31.05,80.76
Псковская обл.,62 000,10.0,20.28,50 000,600,414,406,6.06,80.65
Хакасия,60 163,11.31,24.86,46 617,541,381,336,4.06,77.48
Марий Эл,58 569,8.67,18.47,47 826,746,374,347,1.06,81.66
Тыва,50 080,15.16,40.39,36 077,433,266,171,4.06,72.04
Карачаево-Черкесия,47 474,10.2,21.98,34 724,352,526,479,4.06,73.14
Северная Осетия,45 555,6.57,14.24,33 443,760,396,361,2.06,73.41
Ингушетия,45 314,8.79,21.65,31 531,1 945,109,84,3.06,69.58
Кабардино-Балкария,36 287,4.17,9.14,27 644,453,879,796,1.06,76.18
Камчатский край,34 750,11.15,23.48,29 823,160,757,708,4.06,85.82
Калмыкия,34 685,12.85,28.2,25 443,669,150,132,15.05,73.35
Адыгея,30 443,6.57,15.85,22 000,492,409,329,1.06,72.27
Алтай,29 312,13.27,34.95,22 195,407,199,134,6.06,75.72
Магаданская обл.,23 351,16.8,55.6,19 886,148,312,126,5.06,85.16
Еврейская АО,14 500,9.27,20.11,11 000,214,298,269,2.06,75.86
Чукотский АО,12 801,25.85,56.63,10 172,142,84,69,31.05,79.46
Ненецкий АО,8 834,19.9,45.83,7 047,191,70,55,4.06,79.77
