регион,"привито, чел.",% от насе-ления,% от плана ***,"привито двумя комп., чел.","новых привитых, чел./день",дней до вакц. 50% нас.,обнов-лено,источник,"прогноз приви-тых, чел. *","2 комп./1 комп., %"
Москва,1 400 000,11.06,,1 300 000,25 000,86,18.05,перейти,1 525 000,92.86
Московская обл.,900 000,11.68,22.5,340 938,10 000,295,11.05,перейти,1 020 000,37.88
Санкт-Петербург,652 750,12.12,54.4,552 562,4 739,430,23.05,перейти,652 750,84.65
Краснодарский край,505 827,8.9,18.73,210 680,7 690,304,20.05,перейти,528 897,41.65
Свердловская обл.,441 678,10.3,,355 517,3 152,540,21.05,перейти,447 982,80.49
Ростовская обл.,411 687,9.85,24.22,307 190,5 820,288,23.05,перейти,411 687,74.62
Самарская обл.,367 000,11.64,,294 000,4 857,249,21.05,перейти,376 714,80.11
Татарстан,321 574,8.26,17.38,225 368,4 530,359,22.05,перейти,326 104,70.08
Нижегородская обл.,317 000,9.98,,252 000,3 286,387,19.05,перейти,330 144,79.5
Башкортостан,315 500,7.86,,231 287,3 235,523,18.05,перейти,331 675,73.31
Новосибирская обл.,279 698,10.04,,208 896,3 814,292,21.05,перейти,287 326,74.69
Белгородская обл.,279 147,18.11,37.22,209 388,3 555,138,23.05,перейти,279 147,75.01
Челябинская обл.,275 000,7.99,,228 077,3 429,422,23.05,перейти,275 000,82.94
Воронежская обл.,256 691,11.13,,242 000,3 027,296,19.05,перейти,268 799,94.28
Красноярский край,253 932,8.89,,191 109,2 999,391,18.05,перейти,268 927,75.26
Иркутская обл.,248 351,10.46,,179 543,3 058,307,23.05,перейти,248 351,72.29
Ставропольский край,242 000,8.67,,183 256,3 571,323,22.05,перейти,245 571,75.73
Кемеровская обл.,240 000,9.11,,167 200,3 813,282,21.05,перейти,247 626,69.67
Волгоградская обл.,239 000,9.66,43.98,176 000,1 571,635,15.05,перейти,251 568,73.64
Алтайский край,232 593,10.13,21.14,188 188,2 376,385,23.05,перейти,232 593,80.91
Саратовская обл.,226 926,9.47,18.85,176 830,3 429,283,21.05,перейти,233 784,77.92
Пермский край,216 810,8.41,,170 311,2 395,448,23.05,перейти,216 810,78.55
Оренбургская обл.,208 740,10.74,22.69,12 905,2 534,301,20.05,перейти,216 342,6.18
Омская обл.,197 838,10.39,,158 359,1 966,384,23.05,перейти,197 838,80.04
Ханты-Мансийский АО,194 830,11.54,25.81,130 955,3 448,188,18.05,перейти,212 070,67.22
Крым,187 367,9.85,,133 690,1 886,405,19.05,перейти,194 911,71.35
Тюменская обл.,179 686,11.64,,129 000,1 599,370,21.05,перейти,182 884,71.79
Тульская обл.,169 000,11.66,29.67,140 000,2 429,229,23.05,перейти,169 000,82.84
Ленинградская обл.,168 679,8.91,,132 758,2 066,376,21.05,перейти,172 811,78.7
Забайкальский край,155 444,14.76,32.78,116 702,1 912,194,23.05,перейти,155 444,75.08
Кировская обл.,151 000,12.08,,123 000,1 154,411,20.05,перейти,154 462,81.46
Саха,143 310,14.59,,103 902,3 212,108,23.05,перейти,143 310,72.5
Приморский край,136 193,7.25,,98 000,1 996,402,22.05,перейти,138 189,71.96
Липецкая обл.,135 400,12.0,,116 200,1 486,288,20.05,перейти,139 858,85.82
Курская обл.,131 150,11.96,,111 617,1 045,399,23.05,перейти,131 150,85.11
Тверская обл.,126 118,10.12,,104 994,848,586,23.05,перейти,126 118,83.25
Ивановская обл.,125 115,12.68,,105 400,836,441,23.05,перейти,125 115,84.24
Мордовия,124 943,16.04,26.07,102 981,1 428,185,23.05,перейти,124 943,82.42
Брянская обл.,124 866,10.56,22.02,48 000,1 638,285,23.05,перейти,124 866,38.44
Пензенская обл.,119 025,9.22,,100 522,1 452,363,18.05,перейти,126 285,84.45
Ульяновская обл.,117 456,9.64,23.49,94 000,1 780,276,21.05,перейти,121 016,80.03
Тамбовская обл.,116 174,11.68,,90 659,1 258,303,23.05,перейти,116 174,78.04
Ярославская обл.,114 940,9.26,,94 488,991,510,21.05,перейти,116 922,82.21
Астраханская обл.,113 029,11.33,26.6,85 678,1 500,257,23.05,перейти,113 029,75.8
Удмуртия,109 575,7.34,,84 831,832,766,22.05,перейти,110 407,77.42
Архангельская обл.,107 310,9.91,23.73,81 718,1 219,356,20.05,перейти,110 967,76.15
Калининградская обл.,103 000,10.11,27.47,80 000,1 101,369,19.05,перейти,107 404,77.67
Бурятия,101 831,10.33,,68 476,2 833,138,14.05,перейти,127 328,67.24
Вологодская обл.,100 000,8.69,19.0,74 000,1 286,370,19.05,перейти,105 144,74.0
Хабаровский край,100 000,7.69,,70 000,1 000,551,21.05,перейти,102 000,70.0
Чувашия,97 820,8.1,16.6,72 473,2 403,211,21.05,перейти,102 626,74.09
Владимирская обл.,96 000,7.15,,80 000,776,741,19.05,перейти,99 104,83.33
Амурская обл.,95 119,12.17,26.22,78 213,1 315,225,21.05,перейти,97 749,82.23
Томская обл.,91 607,8.56,,67 633,1 639,271,19.05,перейти,98 163,73.83
Рязанская обл.,91 460,8.33,,80 000,237,1 931,21.05,перейти,91 934,87.47
Курганская обл.,90 165,11.01,,67 466,2 274,140,20.05,перейти,96 987,74.83
Калужская обл.,87 613,8.75,18.0,72 683,802,515,20.05,перейти,90 019,82.96
Дагестан,87 010,2.78,,19 949,1 260,1 174,23.05,перейти,87 010,22.93
Коми,86 980,10.69,,63 585,924,346,19.05,перейти,90 676,73.1
Мурманская обл.,81 000,11.05,,57 511,2 286,125,17.05,перейти,94 716,71.0
Смоленская обл.,79 108,8.59,,64 726,875,436,23.05,перейти,79 108,81.82
Ямало-Ненецкий АО,74 000,13.53,,56 000,827,241,19.05,перейти,77 308,75.68
Карелия,72 373,11.88,24.9,58 222,599,388,18.05,перейти,75 368,80.45
Сахалинская обл.,71 775,14.78,30.76,60 037,557,307,23.05,перейти,71 775,83.65
Орловская обл.,70 033,9.66,,58 120,520,562,20.05,перейти,71 593,82.99
Чечня,67 000,4.47,,45 000,482,1 415,20.05,перейти,68 446,67.16
Костромская обл.,66 174,10.53,,55 378,395,628,23.05,перейти,66 174,83.69
Новгородская обл.,61 442,10.37,,48 575,897,262,21.05,перейти,63 236,79.06
Севастополь,59 695,11.71,,48 402,543,360,21.05,перейти,60 781,81.08
Псковская обл.,54 800,8.84,,44 200,500,511,23.05,перейти,54 800,80.66
Марий Эл,53 348,7.9,,44 091,323,880,21.05,перейти,53 994,82.65
Хакасия,52 374,9.84,,41 814,582,367,21.05,перейти,53 538,79.84
Тыва,44 781,13.55,34.84,30 017,584,206,18.05,перейти,47 701,67.03
Северная Осетия,40 234,5.8,,29 409,637,481,21.05,перейти,41 508,73.09
Карачаево-Черкесия,39 056,8.39,,24 797,781,248,20.05,перейти,41 399,63.49
Калмыкия,34 685,12.85,,25 443,669,150,15.05,перейти,40 037,73.35
Камчатский край,32 299,10.36,,26 428,282,438,21.05,перейти,32 863,81.82
Ингушетия,31 698,6.15,,23 300,957,236,17.05,перейти,37 440,73.51
Кабардино-Балкария,30 536,3.51,,24 100,226,1 788,18.05,перейти,31 666,78.92
Алтай,25 274,11.44,,19 426,278,306,23.05,перейти,25 274,76.86
Адыгея,22 943,4.95,,15 500,284,735,15.05,перейти,25 215,67.56
Магаданская обл.,21 426,15.41,,17 226,172,280,21.05,перейти,21 770,80.4
Еврейская АО,12 000,7.67,,9 700,286,232,21.05,перейти,12 572,80.83
Чукотский АО,11 807,23.84,52.23,8 878,158,82,21.05,перейти,12 123,75.19
Ненецкий АО,7 500,16.9,,5 600,78,188,20.05,перейти,7 734,74.67
