регион,"привито, чел.",% от насе-ления,"привито двумя комп., чел.","новых привитых, чел./день",дней до вакц. 50% нас.,обнов-лено,источник,"прогноз приви-тых, чел. *"
Москва,1 000 000,7.9,820 000,0,-,15.04,перейти,1 000 000
Московская обл.,750 000,9.73,340 938,21 429,145,22.04,перейти,857 145
Санкт-Петербург,538 558,10.0,392 940,5 536,389,26.04,перейти,544 094
Краснодарский край,363 420,6.39,210 680,7 360,337,23.04,перейти,392 860
Свердловская обл.,357 460,8.33,221 722,11 780,152,26.04,перейти,369 240
Ростовская обл.,289 292,6.92,147 101,6 143,293,26.04,перейти,295 435
Самарская обл.,266 000,8.43,170 000,5 143,255,22.04,перейти,291 715
Нижегородская обл.,257 000,8.09,152 267,4 636,287,26.04,перейти,261 636
Башкортостан,240 218,5.98,144 282,4 500,393,26.04,перейти,244 718
Татарстан,229 764,5.9,144 029,4 075,421,26.04,перейти,233 839
Белгородская обл.,209 594,13.6,124 104,4 371,128,26.04,перейти,213 965
Челябинская обл.,206 000,5.98,139 039,3 714,408,26.04,перейти,209 714
Воронежская обл.,202 783,8.8,131 543,3 398,280,22.04,перейти,219 773
Волгоградская обл.,200 000,8.08,100 000,4 000,259,26.04,перейти,204 000
Новосибирская обл.,192 518,6.91,110 806,5 048,238,26.04,перейти,197 566
Ставропольский край,184 000,6.59,103 000,3 714,326,25.04,перейти,191 428
Алтайский край,177 567,7.73,102 695,3 299,294,27.04,перейти,177 567
Иркутская обл.,175 233,7.38,97 679,4 808,211,26.04,перейти,180 041
Красноярский край,171 230,6.0,120 120,3 033,414,20.04,перейти,192 461
Саратовская обл.,168 746,7.05,108 054,3 069,335,26.04,перейти,171 815
Кемеровская обл.,165 834,6.3,93 839,2 636,437,22.04,перейти,179 014
Пермский край,161 135,6.25,91 537,3 219,351,26.04,перейти,164 354
Оренбургская обл.,154 154,7.93,12 905,4 806,170,23.04,перейти,173 378
Омская обл.,148 564,7.8,77 182,2 802,287,26.04,перейти,151 366
Крым,134 000,7.05,65 856,5 910,138,24.04,перейти,151 730
Тульская обл.,134 000,9.25,88 000,1 819,325,26.04,перейти,135 819
Ленинградская обл.,127 000,6.71,77 500,3 108,264,26.04,перейти,130 108
Ханты-Мансийский АО,123 953,7.34,64 545,5 016,144,24.04,перейти,139 001
Кировская обл.,123 000,9.84,64 000,2 812,179,24.04,перейти,131 436
Забайкальский край,111 806,10.61,61 097,2 281,182,26.04,перейти,114 087
Липецкая обл.,111 000,9.84,78 000,1 000,453,26.04,перейти,112 000
Тверская обл.,105 586,8.48,15 000,1 032,501,26.04,перейти,106 618
Саха,104 654,10.66,58 890,1 574,245,25.04,перейти,107 802
Ивановская обл.,103 839,10.52,68 274,1 288,303,26.04,перейти,105 127
Курская обл.,100 834,9.2,70 085,1 121,399,26.04,перейти,101 955
Тюменская обл.,100 713,6.53,54 093,2 630,255,21.04,перейти,116 493
Пензенская обл.,100 495,7.78,56 000,1 705,320,26.04,перейти,102 200
Брянская обл.,100 000,8.46,48 000,1 311,375,24.04,перейти,103 933
Мордовия,97 758,12.55,59 130,1 462,200,26.04,перейти,99 220
Приморский край,94 661,5.04,58 844,1 490,567,26.04,перейти,96 151
Ульяновская обл.,92 662,7.61,55 864,1 443,358,26.04,перейти,94 105
Ярославская обл.,90 380,7.28,60 817,1 769,300,26.04,перейти,92 149
Тамбовская обл.,89 446,8.99,58 631,1 162,351,26.04,перейти,90 608
Удмуртия,82 324,5.51,46 967,1 459,455,26.04,перейти,83 783
Калининградская обл.,81 000,7.95,47 000,2 928,146,26.04,перейти,83 928
Астраханская обл.,80 326,8.05,47 133,1 453,288,26.04,перейти,81 779
Архангельская обл.,78 500,7.25,48 500,2 643,175,26.04,перейти,81 143
Бурятия,76 547,7.77,46 424,3 050,136,26.04,перейти,79 597
Вологодская обл.,75 355,6.55,42 782,2 829,177,26.04,перейти,78 184
Амурская обл.,74 934,9.58,49 232,2 005,158,23.04,перейти,82 954
Владимирская обл.,74 000,5.51,51 000,1 000,597,22.04,перейти,79 000
Калужская обл.,73 184,7.31,48 728,1 080,396,27.04,перейти,73 184
Рязанская обл.,71 656,6.52,45 842,1 478,323,23.04,перейти,77 568
Хабаровский край,70 000,5.38,45 554,1 782,326,24.04,перейти,75 346
Чувашия,69 000,5.71,42 000,1 365,392,26.04,перейти,70 365
Томская обл.,66 191,6.18,39 483,2 473,190,23.04,перейти,76 083
Мурманская обл.,65 000,8.87,49 682,2 714,111,26.04,перейти,67 714
Коми,63 452,7.8,29 011,1 928,178,26.04,перейти,65 380
Дагестан,62 360,1.99,19 949,1 463,1 028,26.04,перейти,63 823
Смоленская обл.,61 904,6.72,40 198,1 129,353,26.04,перейти,63 033
Карелия,60 777,9.98,36 352,1 247,195,25.04,перейти,63 271
Сахалинская обл.,57 371,11.81,39 821,740,251,26.04,перейти,58 111
Орловская обл.,54 234,7.48,35 507,870,354,22.04,перейти,58 584
Чечня,53 000,3.54,25 498,1 286,541,22.04,перейти,59 430
Ямало-Ненецкий АО,50 000,9.14,30 000,1 500,149,23.04,перейти,56 000
Костромская обл.,50 000,7.96,33 000,860,307,21.04,перейти,55 160
Новгородская обл.,48 653,8.21,28 340,952,260,26.04,перейти,49 605
Курганская обл.,48 438,5.92,30 482,1 344,268,14.04,перейти,65 910
Севастополь,45 312,8.88,22 090,1 339,157,26.04,перейти,46 651
Псковская обл.,41 000,6.61,26 000,1 071,251,22.04,перейти,46 355
Хакасия,40 497,7.61,23 872,758,298,26.04,перейти,41 255
Марий Эл,40 000,5.92,22 000,1 241,240,22.04,перейти,46 205
Тыва,32 512,9.84,12 897,832,159,26.04,перейти,33 344
Калмыкия,30 000,11.11,10 000,1 099,96,22.04,перейти,35 495
Северная Осетия,26 376,3.81,14 914,469,683,20.04,перейти,29 659
Ингушетия,24 932,4.84,15 352,440,529,26.04,перейти,25 372
Камчатский край,24 619,7.9,15 286,762,172,26.04,перейти,25 381
Кабардино-Балкария,24 200,2.78,15 100,314,1 307,22.04,перейти,25 770
Карачаево-Черкесия,21 205,4.56,11 779,617,343,21.04,перейти,24 907
Адыгея,20 000,4.32,12 095,326,649,26.04,перейти,20 326
Алтай,18 880,8.54,10 132,399,230,26.04,перейти,19 279
Магаданская обл.,15 544,11.18,10 261,156,346,26.04,перейти,15 700
Еврейская АО,8 846,5.65,6 394,140,496,19.04,перейти,9 966
Чукотский АО,8 503,17.17,5 810,126,129,19.04,перейти,9 511
Ненецкий АО,5 220,11.76,3 634,74,229,22.04,перейти,5 590
