регион,"привито, чел.",% от насе-ления,"привито двумя комп., чел.","новых привитых, чел./день",дней до вакц. 50% нас.,обнов-лено,источник,"прогноз приви-тых, чел. *"
Москва,1 000 000,7.9,800 000,42 857,124,26.03,перейти,1 771 426
Московская обл.,600 000,7.78,,14 286,228,9.04,перейти,657 144
Санкт-Петербург,463 705,8.61,321 232,6 967,320,13.04,перейти,463 705
Краснодарский край,283 000,4.98,164 000,8 343,307,13.04,перейти,283 000
Свердловская обл.,267 000,6.22,174 000,4 840,388,12.04,перейти,271 840
Самарская обл.,224 000,7.1,147 000,5 286,256,13.04,перейти,224 000
Ростовская обл.,203 904,4.88,106 786,6 415,294,13.04,перейти,203 904
Нижегородская обл.,197 000,6.2,130 000,4 533,307,13.04,перейти,197 000
Башкортостан,182 929,4.56,111 483,3 777,483,13.04,перейти,182 929
Татарстан,178 416,4.58,105 547,3 661,483,13.04,перейти,178 416
Воронежская обл.,175 000,7.59,111 000,4 000,244,13.04,перейти,175 000
Челябинская обл.,160 000,4.65,106 000,5 781,270,12.04,перейти,165 781
Белгородская обл.,156 629,10.16,103 153,3 233,190,13.04,перейти,156 629
Красноярский край,150 000,5.25,103 741,2 177,587,12.04,перейти,152 177
Новосибирская обл.,142 514,5.12,90 107,3 790,330,13.04,перейти,142 514
Волгоградская обл.,140 000,5.66,64 000,5 714,192,13.04,перейти,140 000
Кемеровская обл.,139 000,5.28,92 000,3 147,374,13.04,перейти,139 000
Ставропольский край,138 600,4.96,81 500,3 943,319,13.04,перейти,138 600
Алтайский край,129 526,5.64,75 401,3 193,319,13.04,перейти,129 526
Саратовская обл.,128 750,5.38,88 826,2 311,462,13.04,перейти,128 750
Иркутская обл.,124 427,5.24,80 688,2 856,372,13.04,перейти,124 427
Пермский край,115 166,4.47,68 615,2 588,454,13.04,перейти,115 166
Омская обл.,108 808,5.72,59 150,3 637,232,13.04,перейти,108 808
Тульская обл.,106 000,7.31,67 000,2 143,289,13.04,перейти,106 000
Оренбургская обл.,104 440,5.38,12 905,3 832,226,9.04,перейти,119 768
Ленинградская обл.,97 000,5.12,59 000,2 414,352,12.04,перейти,99 414
Кировская обл.,94 614,7.57,46 289,4 392,121,12.04,перейти,99 006
Крым,92 633,4.87,61 430,2 340,367,13.04,перейти,92 633
Тверская обл.,91 239,7.32,15 000,1 372,387,13.04,перейти,91 239
Ханты-Мансийский АО,88 840,5.26,56 399,4 068,186,13.04,перейти,88 840
Липецкая обл.,87 700,7.77,62 900,1 871,255,8.04,перейти,97 055
Брянская обл.,87 097,7.36,48 000,1 466,344,13.04,перейти,87 097
Ивановская обл.,86 272,8.74,54 525,1 794,227,13.04,перейти,86 272
Курская обл.,85 000,7.75,58 560,1 512,306,13.04,перейти,85 000
Забайкальский край,84 764,8.05,50 127,3 538,125,13.04,перейти,84 764
Тюменская обл.,82 300,5.33,51 000,3 009,229,13.04,перейти,82 300
Саха,79 818,8.13,53 589,2 524,163,13.04,перейти,79 818
Мордовия,77 400,9.94,48 000,1 695,184,13.04,перейти,77 400
Приморский край,74 034,3.94,43 650,1 331,650,11.04,перейти,76 696
Пензенская обл.,74 000,5.73,40 639,2 168,264,13.04,перейти,74 000
Тамбовская обл.,73 324,7.37,51 157,1 622,261,13.04,перейти,73 324
Ульяновская обл.,72 039,5.91,45 402,3 148,171,13.04,перейти,72 039
Ярославская обл.,71 755,5.78,50 038,1 370,401,12.04,перейти,73 125
Астраханская обл.,61 212,6.13,35 478,1 493,293,13.04,перейти,61 212
Амурская обл.,60 900,7.79,43 397,1 946,170,9.04,перейти,68 684
Калининградская обл.,60 505,5.94,33 130,2 558,175,13.04,перейти,60 505
Удмуртия,60 464,4.05,40 841,1 487,461,13.04,перейти,60 464
Калужская обл.,60 000,5.99,40 000,1 143,385,13.04,перейти,60 000
Владимирская обл.,60 000,4.47,42 722,800,764,9.04,перейти,63 200
Хабаровский край,57 526,4.42,39 721,894,663,13.04,перейти,57 526
Рязанская обл.,52 960,4.82,36 179,923,538,9.04,перейти,56 652
Архангельская обл.,52 500,4.85,36 969,357,1 369,12.04,перейти,52 857
Бурятия,52 473,5.32,40 583,1 341,328,9.04,перейти,57 837
Чувашия,51 000,4.22,33 000,1 143,484,13.04,перейти,51 000
Томская обл.,48 882,4.57,34 284,998,487,12.04,перейти,49 880
Вологодская обл.,48 650,4.23,34 236,1 471,358,9.04,перейти,54 534
Карелия,47 734,7.84,31 686,1 391,185,13.04,перейти,47 734
Сахалинская обл.,47 700,9.82,33 956,761,256,13.04,перейти,47 700
Орловская обл.,45 800,6.32,31 528,899,352,13.04,перейти,45 800
Дагестан,45 507,1.45,19 949,1 738,875,13.04,перейти,45 507
Чечня,43 991,2.94,25 498,1 227,575,13.04,перейти,43 991
Костромская обл.,43 977,7.0,30 785,1 282,211,13.04,перейти,43 977
Мурманская обл.,40 000,5.46,29 000,614,532,12.04,перейти,40 614
Курганская обл.,39 028,4.77,22 314,1 207,307,5.04,перейти,48 684
Коми,38 000,4.67,25 402,1 143,323,9.04,перейти,42 572
Ямало-Ненецкий АО,36 668,6.7,27 601,827,286,12.04,перейти,37 495
Новгородская обл.,35 847,6.05,22 865,1 167,223,12.04,перейти,37 014
Смоленская обл.,35 500,3.85,26 595,981,433,27.03,перейти,52 177
Псковская обл.,33 500,5.4,22 500,786,352,13.04,перейти,33 500
Марий Эл,31 312,4.64,19 586,932,329,12.04,перейти,32 244
Хакасия,30 344,5.7,18 904,761,310,13.04,перейти,30 344
Севастополь,27 119,5.32,16 649,561,406,13.04,перейти,27 119
Северная Осетия,23 092,3.33,13 959,693,467,12.04,перейти,23 785
Калмыкия,22 305,8.26,7 000,1 401,80,13.04,перейти,22 305
Тыва,21 873,6.62,11 076,1 110,129,12.04,перейти,22 983
Кабардино-Балкария,20 000,2.3,12 000,571,726,9.04,перейти,22 284
Камчатский край,18 413,5.91,14 103,299,460,12.04,перейти,18 712
Адыгея,16 748,3.62,11 600,290,741,8.04,перейти,18 198
Ингушетия,16 170,3.14,11 777,284,851,5.04,перейти,18 442
Карачаево-Черкесия,15 265,3.28,10 048,476,457,9.04,перейти,17 169
Алтай,13 134,5.94,8 720,389,250,12.04,перейти,13 523
Магаданская обл.,12 088,8.69,8 786,290,198,12.04,перейти,12 378
Еврейская АО,7 869,5.03,5 864,220,320,9.04,перейти,8 749
Чукотский АО,7 624,15.39,4 957,75,229,12.04,перейти,7 699
Ненецкий АО,4 621,10.41,3 041,64,275,12.04,перейти,4 685
