регион,"привито, чел.",% от насе-ления,% от плана ***,"привито двумя комп., чел.","новых привитых, чел./день",дней до вакц. 50% нас.,обнов-лено,источник,"прогноз приви-тых, чел. *","2 комп./1 комп., %"
Москва,1 400 000,11.06,,1 300 000,57 143,86,18.05,перейти,1 571 429,92.86
Московская обл.,900 000,11.68,22.5,340 938,10 000,295,11.05,перейти,1 000 000,37.88
Санкт-Петербург,643 893,11.96,,545 028,5 288,387,21.05,перейти,643 893,84.65
Краснодарский край,505 827,8.9,18.73,210 680,7 690,304,20.05,перейти,513 517,41.65
Свердловская обл.,441 678,10.3,,355 517,3 152,540,21.05,перейти,441 678,80.49
Ростовская обл.,401 323,9.6,23.61,301 090,6 225,271,21.05,перейти,401 323,75.02
Самарская обл.,367 000,11.64,,294 000,4 857,249,21.05,перейти,367 000,80.11
Нижегородская обл.,317 000,9.98,,252 000,3 286,387,19.05,перейти,323 572,79.5
Башкортостан,315 500,7.86,,231 287,3 235,523,18.05,перейти,325 205,73.31
Татарстан,315 255,8.1,,224 689,4 628,353,21.05,перейти,315 255,71.27
Новосибирская обл.,279 698,10.04,,208 896,3 814,292,21.05,перейти,279 698,74.69
Челябинская обл.,275 000,7.99,,224 190,3 429,422,21.05,перейти,275 000,81.52
Белгородская обл.,271 887,17.64,,206 461,3 479,143,21.05,перейти,271 887,75.94
Воронежская обл.,256 691,11.13,,242 000,3 027,296,19.05,перейти,262 745,94.28
Красноярский край,253 932,8.89,,191 109,2 999,391,18.05,перейти,262 929,75.26
Иркутская обл.,241 682,10.18,,175 174,3 086,306,21.05,перейти,241 682,72.48
Кемеровская обл.,240 000,9.11,,167 200,3 813,282,21.05,перейти,240 000,69.67
Волгоградская обл.,239 000,9.66,43.98,176 000,1 571,635,15.05,перейти,248 426,73.64
Ставропольский край,235 186,8.42,,183 256,2 884,403,20.05,перейти,238 070,77.92
Алтайский край,228 415,9.95,20.77,183 734,2 358,390,21.05,перейти,228 415,80.44
Саратовская обл.,226 926,9.47,,176 830,3 429,283,21.05,перейти,226 926,77.92
Пермский край,213 290,8.27,,167 759,2 548,422,21.05,перейти,213 290,78.65
Оренбургская обл.,208 740,10.74,,12 905,2 534,301,20.05,перейти,211 274,6.18
Ханты-Мансийский АО,194 830,11.54,,130 955,3 448,188,18.05,перейти,205 174,67.22
Омская обл.,194 294,10.21,,154 305,1 873,404,21.05,перейти,194 294,79.42
Крым,187 367,9.85,,133 690,1 886,405,19.05,перейти,191 139,71.35
Тюменская обл.,179 686,11.64,,129 000,1 599,370,21.05,перейти,179 686,71.79
Ленинградская обл.,168 679,8.91,,132 758,2 066,376,21.05,перейти,168 679,78.7
Тульская обл.,161 316,11.13,28.32,131 636,1 331,423,18.05,перейти,165 309,81.6
Забайкальский край,153 618,14.58,32.39,115 336,1 977,189,21.05,перейти,153 618,75.08
Кировская обл.,151 000,12.08,,123 000,1 154,411,20.05,перейти,152 154,81.46
Саха,136 929,13.94,,103 188,2 845,124,21.05,перейти,136 929,75.36
Липецкая обл.,135 400,12.0,,116 200,1 486,288,20.05,перейти,136 886,85.82
Приморский край,133 948,7.13,,98 000,2 039,395,21.05,перейти,133 948,73.16
Курская обл.,129 418,11.8,,110 354,1 113,376,21.05,перейти,129 418,85.27
Тверская обл.,124 493,9.99,,104 994,812,614,21.05,перейти,124 493,84.34
Мордовия,124 188,15.94,,102 025,1 381,192,21.05,перейти,124 188,82.15
Ивановская обл.,123 637,12.53,,103 913,849,436,21.05,перейти,123 637,84.05
Брянская обл.,123 000,10.4,21.69,48 000,1 371,342,21.05,перейти,123 000,39.02
Пензенская обл.,119 025,9.22,,100 522,1 452,363,18.05,перейти,123 381,84.45
Ульяновская обл.,117 456,9.64,23.49,94 000,1 780,276,21.05,перейти,117 456,80.03
Ярославская обл.,114 940,9.26,,94 488,991,510,21.05,перейти,114 940,82.21
Тамбовская обл.,114 050,11.47,,89 330,1 268,302,21.05,перейти,114 050,78.33
Астраханская обл.,110 573,11.08,26.02,84 493,1 510,257,21.05,перейти,110 573,76.41
Удмуртия,107 934,7.23,,83 792,713,896,21.05,перейти,107 934,77.63
Архангельская обл.,107 310,9.91,23.73,81 718,1 219,356,20.05,перейти,108 529,76.15
Калининградская обл.,103 000,10.11,27.47,80 000,1 101,369,19.05,перейти,105 202,77.67
Бурятия,101 831,10.33,,68 476,2 833,138,14.05,перейти,121 662,67.24
Вологодская обл.,100 000,8.69,19.0,74 000,1 286,370,19.05,перейти,102 572,74.0
Хабаровский край,100 000,7.69,,70 000,1 000,551,21.05,перейти,100 000,70.0
Чувашия,97 820,8.1,16.6,72 473,2 403,211,21.05,перейти,97 820,74.09
Владимирская обл.,96 000,7.15,,80 000,776,741,19.05,перейти,97 552,83.33
Амурская обл.,95 119,12.17,26.22,78 213,1 315,225,21.05,перейти,95 119,82.23
Томская обл.,91 607,8.56,,67 633,1 639,271,19.05,перейти,94 885,73.83
Рязанская обл.,91 460,8.33,,80 000,237,1 931,21.05,перейти,91 460,87.47
Курганская обл.,90 165,11.01,,67 466,2 274,140,20.05,перейти,92 439,74.83
Калужская обл.,87 613,8.75,18.0,72 683,802,515,20.05,перейти,88 415,82.96
Коми,86 980,10.69,,63 585,924,346,19.05,перейти,88 828,73.1
Дагестан,84 515,2.7,,19 949,1 116,1 328,20.05,перейти,85 631,23.6
Мурманская обл.,81 000,11.05,,57 511,2 286,125,17.05,перейти,90 144,71.0
Смоленская обл.,77 601,8.42,,63 909,936,409,21.05,перейти,77 601,82.36
Ямало-Ненецкий АО,74 000,13.53,,56 000,827,241,19.05,перейти,75 654,75.68
Карелия,72 373,11.88,24.9,58 222,599,388,18.05,перейти,74 170,80.45
Сахалинская обл.,71 439,14.71,30.62,59 797,552,310,21.05,перейти,71 439,83.7
Орловская обл.,70 033,9.66,,58 120,520,562,20.05,перейти,70 553,82.99
Чечня,67 000,4.47,,45 000,482,1 415,20.05,перейти,67 482,67.16
Костромская обл.,65 000,10.34,,55 378,357,698,21.05,перейти,65 000,85.2
Новгородская обл.,61 442,10.37,,48 575,897,262,21.05,перейти,61 442,79.06
Севастополь,59 695,11.71,,48 402,543,360,21.05,перейти,59 695,81.08
Псковская обл.,54 100,8.72,,43 700,586,437,21.05,перейти,54 100,80.78
Марий Эл,53 348,7.9,,44 091,323,880,21.05,перейти,53 348,82.65
Хакасия,52 374,9.84,,41 814,582,367,21.05,перейти,52 374,79.84
Тыва,44 781,13.55,,30 017,584,206,18.05,перейти,46 533,67.03
Северная Осетия,40 234,5.8,,29 409,637,481,21.05,перейти,40 234,73.09
Карачаево-Черкесия,39 056,8.39,,24 797,781,248,20.05,перейти,39 837,63.49
Калмыкия,34 685,12.85,,25 443,669,150,15.05,перейти,38 699,73.35
Камчатский край,32 299,10.36,,26 428,282,438,21.05,перейти,32 299,81.82
Ингушетия,31 698,6.15,,23 300,957,236,17.05,перейти,35 526,73.51
Кабардино-Балкария,30 536,3.51,,24 100,226,1 788,18.05,перейти,31 214,78.92
Алтай,24 733,11.19,,19 280,260,330,21.05,перейти,24 733,77.95
Адыгея,22 943,4.95,,15 500,284,735,15.05,перейти,24 647,67.56
Магаданская обл.,21 426,15.41,,17 226,172,280,21.05,перейти,21 426,80.4
Еврейская АО,12 000,7.67,,9 700,286,232,21.05,перейти,12 000,80.83
Чукотский АО,11 807,23.84,52.23,8 878,158,82,21.05,перейти,11 807,75.19
Ненецкий АО,7 500,16.9,,5 600,78,188,20.05,перейти,7 578,74.67
