регион,"привито, чел.",% от насе-ления,"привито двумя комп., чел.","новых привитых, чел./день",дней до вакц. 50% нас.,обнов-лено,источник,"прогноз приви-тых, чел. *"
Москва,1 000 000,7.9,820 000,0,-,15.04,перейти,1 000 000
Московская обл.,800 000,10.38,340 938,13 143,232,27.04,перейти,800 000
Санкт-Петербург,544 646,10.12,401 427,5 535,388,27.04,перейти,544 646
Краснодарский край,400 000,7.04,210 680,12 586,194,27.04,перейти,400 000
Свердловская обл.,357 460,8.33,221 722,11 780,152,26.04,перейти,369 240
Ростовская обл.,294 849,7.05,154 146,5 943,302,27.04,перейти,294 849
Самарская обл.,278 000,8.81,184 000,3 857,337,27.04,перейти,278 000
Нижегородская обл.,257 000,8.09,152 267,4 636,287,26.04,перейти,261 636
Башкортостан,246 161,6.13,149 329,4 563,386,27.04,перейти,246 161
Татарстан,234 053,6.01,144 029,4 165,411,27.04,перейти,234 053
Белгородская обл.,213 420,13.85,126 829,4 281,130,27.04,перейти,213 420
Челябинская обл.,206 000,5.98,139 039,3 714,408,26.04,перейти,209 714
Воронежская обл.,202 783,8.8,131 543,3 398,280,22.04,перейти,219 773
Волгоградская обл.,200 000,8.08,100 000,4 000,259,26.04,перейти,204 000
Новосибирская обл.,192 518,6.91,110 806,5 048,238,26.04,перейти,197 566
Ставропольский край,190 000,6.8,103 000,3 603,335,27.04,перейти,190 000
Иркутская обл.,178 617,7.52,99 846,4 724,214,27.04,перейти,178 617
Кемеровская обл.,178 289,6.77,116 253,4 416,258,27.04,перейти,178 289
Алтайский край,177 567,7.73,102 695,3 299,294,27.04,перейти,177 567
Саратовская обл.,172 166,7.19,109 413,3 165,324,27.04,перейти,172 166
Красноярский край,171 230,6.0,120 120,3 033,414,20.04,перейти,192 461
Пермский край,164 084,6.36,91 790,3 102,363,27.04,перейти,164 084
Оренбургская обл.,154 154,7.93,12 905,4 806,170,23.04,перейти,173 378
Омская обл.,151 070,7.94,80 251,2 701,296,27.04,перейти,151 070
Ханты-Мансийский АО,135 700,8.04,68 325,4 299,165,27.04,перейти,135 700
Тульская обл.,134 000,9.25,88 000,1 819,325,26.04,перейти,135 819
Крым,134 000,7.05,65 856,5 910,138,24.04,перейти,151 730
Ленинградская обл.,130 424,6.89,80 459,2 193,372,27.04,перейти,130 424
Кировская обл.,123 000,9.84,64 000,2 812,179,24.04,перейти,131 436
Тюменская обл.,120 817,7.83,60 207,3 845,169,27.04,перейти,120 817
Забайкальский край,114 833,10.9,64 535,2 369,174,27.04,перейти,114 833
Липецкая обл.,111 000,9.84,78 000,1 000,453,26.04,перейти,112 000
Тверская обл.,106 622,8.56,15 000,1 039,497,27.04,перейти,106 622
Саха,105 769,10.77,60 287,1 450,266,27.04,перейти,105 769
Ивановская обл.,105 095,10.65,70 108,1 231,316,27.04,перейти,105 095
Брянская обл.,103 255,8.73,48 000,977,500,26.04,перейти,104 232
Курская обл.,101 952,9.3,71 717,1 134,394,27.04,перейти,101 952
Пензенская обл.,100 495,7.78,56 000,1 705,320,26.04,перейти,102 200
Мордовия,99 222,12.74,62 809,1 232,236,27.04,перейти,99 222
Приморский край,94 661,5.04,58 844,1 490,567,26.04,перейти,96 151
Ульяновская обл.,92 662,7.61,55 864,1 443,358,26.04,перейти,94 105
Тамбовская обл.,90 652,9.12,59 222,1 185,343,27.04,перейти,90 652
Ярославская обл.,90 380,7.28,60 817,1 769,300,26.04,перейти,92 149
Удмуртия,83 904,5.62,48 619,1 685,393,27.04,перейти,83 904
Калининградская обл.,82 000,8.05,47 000,3 071,139,27.04,перейти,82 000
Астраханская обл.,81 109,8.13,49 593,1 314,318,27.04,перейти,81 109
Архангельская обл.,78 500,7.25,48 500,2 643,175,26.04,перейти,81 143
Бурятия,76 547,7.77,46 424,3 050,136,26.04,перейти,79 597
Рязанская обл.,76 171,6.94,49 870,2 123,223,27.04,перейти,76 171
Вологодская обл.,75 355,6.55,42 782,2 829,177,26.04,перейти,78 184
Владимирская обл.,75 000,5.59,53 000,571,1 044,27.04,перейти,75 000
Хабаровский край,75 000,5.76,45 554,1 429,403,27.04,перейти,75 000
Амурская обл.,74 934,9.58,49 232,2 005,158,23.04,перейти,82 954
Калужская обл.,73 184,7.31,48 728,1 080,396,27.04,перейти,73 184
Чувашия,69 000,5.71,42 000,1 365,392,26.04,перейти,70 365
Томская обл.,66 191,6.18,39 483,2 473,190,23.04,перейти,76 083
Мурманская обл.,65 000,8.87,49 682,2 714,111,26.04,перейти,67 714
Коми,63 452,7.8,33 000,1 928,178,27.04,перейти,63 452
Дагестан,63 336,2.02,19 949,1 462,1 028,27.04,перейти,63 336
Смоленская обл.,61 904,6.72,40 198,1 129,353,26.04,перейти,63 033
Карелия,60 777,9.98,36 352,1 247,195,25.04,перейти,63 271
Сахалинская обл.,58 388,12.02,40 860,763,242,27.04,перейти,58 388
Чечня,56 000,3.74,25 498,1 714,404,27.04,перейти,56 000
Орловская обл.,54 234,7.48,35 507,870,354,22.04,перейти,58 584
Ямало-Ненецкий АО,53 000,9.69,31 000,1 714,129,27.04,перейти,53 000
Костромская обл.,50 000,7.96,33 000,860,307,21.04,перейти,55 160
Новгородская обл.,48 653,8.21,28 340,952,260,26.04,перейти,49 605
Курганская обл.,48 438,5.92,30 482,1 344,268,14.04,перейти,65 910
Севастополь,46 521,9.12,22 698,1 249,167,27.04,перейти,46 521
Псковская обл.,42 500,6.85,28 000,643,416,27.04,перейти,42 500
Хакасия,41 375,7.78,24 517,775,290,27.04,перейти,41 375
Марий Эл,40 000,5.92,22 000,1 241,240,22.04,перейти,46 205
Тыва,32 512,9.84,12 897,832,159,26.04,перейти,33 344
Калмыкия,30 000,11.11,10 000,1 099,96,22.04,перейти,35 495
Северная Осетия,26 376,3.81,14 914,469,683,20.04,перейти,29 659
Карачаево-Черкесия,25 111,5.4,12 823,714,291,27.04,перейти,25 111
Ингушетия,24 932,4.84,15 352,440,529,26.04,перейти,25 372
Камчатский край,24 619,7.9,15 476,762,172,26.04,перейти,25 381
Кабардино-Балкария,24 200,2.78,15 100,314,1 307,22.04,перейти,25 770
Адыгея,20 000,4.32,12 095,326,649,26.04,перейти,20 326
Алтай,19 273,8.72,10 325,455,200,27.04,перейти,19 273
Магаданская обл.,15 544,11.18,10 641,156,346,27.04,перейти,15 544
Чукотский АО,9 542,19.27,6 808,148,103,27.04,перейти,9 542
Еврейская АО,8 846,5.65,6 394,140,496,19.04,перейти,9 966
Ненецкий АО,5 220,11.76,3 634,74,229,22.04,перейти,5 590
