регион,"привито, чел.",% от насе-ления,% от плана ***,"привито двумя комп., чел.","новых привитых, чел./день",дней до вакц. 50% нас.,дней до вып. плана,обнов-лено,"2 комп./1 комп., %","план, % от нас."
Москва,2 000 000,15.8,31.71,1 600 000,30 612,141,141,26.06,80.0,49.83
Московская обл.,1 505 125,19.53,37.63,1 000 000,37 875,62,66,30.06,66.44,51.9
Санкт-Петербург,888 856,16.51,74.07,706 962,10 994,164,28,30.06,79.54,22.29
Краснодарский край,800 000,14.07,29.63,572 368,9 927,206,191,30.06,71.55,47.49
Свердловская обл.,650 000,15.15,43.33,482 000,13 190,113,64,29.06,74.15,34.96
Ростовская обл.,644 194,15.41,37.89,478 687,12 549,115,84,1.07,74.31,40.67
Башкортостан,572 534,14.26,28.63,377 561,13 869,103,103,1.07,65.95,49.81
Татарстан,546 139,14.02,29.52,382 697,9 452,148,138,1.07,70.07,47.49
Самарская обл.,540 000,17.12,36.0,422 000,6 857,151,140,1.07,78.15,47.56
Нижегородская обл.,492 644,15.51,32.26,364 188,8 549,128,121,1.07,73.93,48.07
Белгородская обл.,465 504,30.2,62.07,328 292,8 136,38,35,1.07,70.52,48.66
Новосибирская обл.,454 745,16.32,34.98,330 791,7 964,118,106,1.07,72.74,46.65
Челябинская обл.,420 461,12.21,26.28,321 706,6 940,187,170,1.07,76.51,46.46
Кемеровская обл.,420 000,15.95,33.98,281 000,9 714,92,84,1.07,66.9,46.94
Красноярский край,400 000,14.01,30.77,300 000,6 139,167,147,1.07,75.0,45.53
Волгоградская обл.,400 000,16.16,57.14,305 000,6 229,134,48,29.06,76.25,28.28
Воронежская обл.,375 998,16.31,31.95,304 264,5 767,135,139,30.06,80.92,51.06
Саратовская обл.,368 852,15.4,30.64,271 483,5 934,140,141,1.07,73.6,50.26
Иркутская обл.,365 356,15.38,36.54,273 238,4 735,174,134,1.07,74.79,42.1
Ставропольский край,351 043,12.57,27.0,271 347,5 149,203,184,1.07,77.3,46.55
Алтайский край,341 910,14.89,18.38,260 390,5 215,155,291,1.07,76.16,81.0
Ханты-Мансийский АО,337 376,19.99,44.98,254 230,4 856,104,85,29.06,75.36,44.44
Пермский край,327 668,12.7,27.31,250 202,5 514,174,158,1.07,76.36,46.51
Тюменская обл.,326 000,21.12,46.57,229 000,5 286,84,71,1.07,70.25,45.35
Оренбургская обл.,318 717,16.4,35.59,242 054,5 743,114,100,1.07,75.95,46.08
Крым,314 868,16.56,27.6,225 000,5 080,125,163,30.06,71.46,60.01
Омская обл.,292 741,15.38,32.2,221 319,5 226,126,118,1.07,75.6,47.76
Тульская обл.,266 213,18.37,36.67,190 167,5 666,81,81,1.07,71.43,50.09
Ленинградская обл.,252 373,13.33,33.65,190 728,3 971,175,125,1.07,75.57,39.61
Приморский край,224 629,11.96,35.3,157 386,4 092,175,101,1.07,70.06,33.88
Кировская обл.,222 000,17.76,31.05,173 000,2 715,148,182,1.07,77.93,57.2
Чечня,220 000,14.69,38.94,83 535,7 688,69,45,29.06,37.97,37.73
Саха,208 881,21.27,30.05,170 000,1 945,145,250,1.07,81.39,70.78
Забайкальский край,200 194,19.0,42.21,164 362,1 661,197,165,1.07,82.1,45.01
Липецкая обл.,192 600,17.07,35.24,151 900,3 229,115,110,28.06,78.87,48.44
Ульяновская обл.,191 228,15.7,32.14,142 898,3 398,123,119,1.07,74.73,48.85
Пензенская обл.,190 709,14.77,29.95,143 950,3 160,144,141,1.07,75.48,49.31
Удмуртия,190 619,12.76,42.36,142 686,5 004,111,52,1.07,74.85,30.12
Брянская обл.,189 551,16.03,33.43,77 441,2 654,151,142,1.07,40.85,47.95
Курская обл.,187 462,17.1,35.11,144 327,2 872,126,121,1.07,76.99,48.71
Тверская обл.,184 021,14.77,30.93,153 993,3 438,128,120,1.07,83.68,47.76
Бурятия,183 655,18.64,42.56,135 710,2 796,111,89,1.07,73.89,43.79
Мордовия,181 966,23.36,46.87,143 531,2 182,95,95,1.07,78.88,49.84
Астраханская обл.,178 860,17.93,42.08,130 977,1 980,162,124,1.07,73.23,42.6
Ивановская обл.,178 676,18.1,41.43,132 537,2 925,108,86,1.07,74.18,43.69
Тамбовская обл.,173 108,17.41,34.94,128 686,2 709,120,119,1.07,74.34,49.83
Ярославская обл.,160 000,12.89,26.38,130 000,1 857,248,240,29.06,81.25,48.87
Хабаровский край,158 679,12.2,25.89,121 988,2 152,229,211,1.07,76.88,47.13
Калининградская обл.,156 617,15.38,41.76,122 594,2 627,134,83,30.06,78.28,36.83
Архангельская обл.,151 476,13.99,33.5,123 509,1 790,218,168,30.06,81.54,41.76
Томская обл.,150 480,14.06,30.21,114 279,2 568,150,135,1.07,75.94,46.55
Калужская обл.,150 000,14.99,30.76,95 200,3 393,103,100,1.07,63.47,48.74
Дагестан,149 728,4.78,11.09,19 949,2 452,578,490,1.07,13.32,43.1
Чувашия,147 000,12.17,25.0,117 000,1 643,278,268,29.06,79.59,48.68
Курганская обл.,147 000,17.96,38.13,107 700,3 429,76,70,29.06,73.27,47.1
Вологодская обл.,146 000,12.68,26.99,117 700,1 571,273,251,28.06,80.62,46.99
Рязанская обл.,140 000,12.75,25.87,110 000,2 178,188,184,29.06,78.57,49.29
Коми,137 239,16.87,36.21,105 550,2 133,126,113,1.07,76.91,46.59
Владимирская обл.,133 848,9.97,22.31,108 627,1 549,347,301,29.06,81.16,44.69
Амурская обл.,129 954,16.62,35.82,102 110,1 565,167,149,29.06,78.57,46.4
Мурманская обл.,118 444,16.16,34.01,93 507,1 453,171,158,30.06,78.95,47.51
Смоленская обл.,117 882,12.8,25.45,90 149,1 979,173,174,30.06,76.47,50.3
Сахалинская обл.,109 218,22.49,55.42,72 778,1 823,73,48,1.07,66.64,40.58
Орловская обл.,106 827,14.74,30.05,80 855,2 252,113,110,1.07,75.69,49.06
Ямало-Ненецкий АО,106 500,19.47,43.65,86 000,1 500,111,92,30.06,80.75,44.61
Карелия,100 033,16.42,34.42,81 385,902,227,211,30.06,81.36,47.71
Костромская обл.,94 664,15.06,31.32,67 841,1 475,149,141,1.07,71.67,48.08
Новгородская обл.,88 667,14.97,30.86,69 887,1 110,187,179,30.06,78.82,48.51
Севастополь,86 716,17.0,39.6,66 650,1 289,131,103,1.07,76.86,42.93
Хакасия,82 606,15.53,34.13,61 068,1 610,114,99,1.07,73.93,45.5
Псковская обл.,81 478,13.14,26.65,62 091,1 397,164,161,1.07,76.21,49.31
Марий Эл,77 787,11.52,24.52,58 771,1 163,223,206,29.06,75.55,46.97
Кабардино-Балкария,68 000,7.82,17.13,39 125,2 029,181,162,30.06,57.54,45.64
Тыва,64 565,19.54,51.95,50 136,588,171,102,1.07,77.65,37.62
Северная Осетия,62 608,9.03,19.58,46 859,920,309,280,29.06,74.85,46.13
Ингушетия,61 661,11.96,29.45,45 862,741,265,199,28.06,74.38,40.61
Карачаево-Черкесия,61 110,13.13,28.29,50 285,574,299,270,30.06,82.29,46.41
Адыгея,49 523,10.69,25.78,30 632,1 197,152,119,1.07,61.85,41.47
Калмыкия,44 000,16.3,35.77,44 000,333,273,237,29.06,100.0,45.57
Камчатский край,43 233,13.87,29.21,34 478,545,207,192,1.07,79.75,47.48
Алтай,39 080,17.69,46.6,29 927,526,136,85,1.07,76.58,37.96
Магаданская обл.,27 774,19.98,66.13,24 437,205,204,69,1.07,87.99,30.21
Еврейская АО,20 419,13.05,28.32,14 690,390,148,133,24.06,71.94,46.08
Чукотский АО,15 517,31.33,68.64,13 053,109,85,65,30.06,84.12,45.64
Ненецкий АО,10 500,23.65,54.47,8 920,79,148,111,30.06,84.95,43.42
