регион,"привито, чел.",% от насе-ления,"привито двумя комп., чел.","новых привитых, чел./день",дней до вакц. 50% нас.,обнов-лено,источник,"прогноз приви-тых, чел. *","2 комп./1 комп., %"
Москва,1 300 000,10.27,820 000,42 857,117,14.05,перейти,1 471 428,63.08
Московская обл.,900 000,11.68,340 938,10 000,295,11.05,перейти,970 000,37.88
Санкт-Петербург,626 822,11.64,526 303,4 893,422,18.05,перейти,626 822,83.96
Краснодарский край,464 892,8.18,210 680,7 127,334,14.05,перейти,493 400,45.32
Свердловская обл.,428 532,9.99,335 000,5 791,296,17.05,перейти,434 323,78.17
Ростовская обл.,379 530,9.08,274 487,6 229,275,18.05,перейти,379 530,72.32
Самарская обл.,349 000,11.06,273 000,2 714,452,18.05,перейти,349 000,78.22
Башкортостан,315 500,7.86,231 287,3 235,523,18.05,перейти,315 500,73.31
Нижегородская обл.,312 500,9.84,252 000,2 643,483,18.05,перейти,312 500,80.64
Татарстан,291 571,7.49,208 803,2 741,604,16.05,перейти,297 053,71.61
Белгородская обл.,258 953,16.8,194 919,2 940,174,18.05,перейти,258 953,75.27
Красноярский край,253 932,8.89,191 109,2 999,391,18.05,перейти,253 932,75.26
Новосибирская обл.,253 000,9.08,178 000,2 696,423,14.05,перейти,263 784,70.36
Челябинская обл.,251 000,7.29,211 247,0,-,18.05,перейти,251 000,84.16
Воронежская обл.,249 839,10.84,201 000,2 048,441,18.05,перейти,249 839,80.45
Волгоградская обл.,239 000,9.66,176 000,1 571,635,15.05,перейти,243 713,73.64
Иркутская обл.,230 409,9.7,161 953,2 932,326,18.05,перейти,230 409,70.29
Ставропольский край,227 000,8.13,160 000,2 286,512,18.05,перейти,227 000,70.48
Алтайский край,218 898,9.53,171 480,2 093,444,18.05,перейти,218 898,78.34
Саратовская обл.,213 519,8.91,164 716,3 288,299,18.05,перейти,213 519,77.14
Кемеровская обл.,213 307,8.1,157 000,1 758,628,14.05,перейти,220 339,73.6
Пермский край,203 497,7.89,158 124,2 544,427,18.05,перейти,203 497,77.7
Оренбургская обл.,200 000,10.29,12 905,3 444,224,15.05,перейти,210 332,6.45
Ханты-Мансийский АО,194 830,11.54,130 955,3 448,188,18.05,перейти,194 830,67.22
Омская обл.,187 001,9.82,144 369,1 666,459,18.05,перейти,187 001,77.2
Крым,179 749,9.45,118 779,2 536,304,13.05,перейти,192 429,66.08
Тюменская обл.,179 686,11.64,109 387,5 660,105,18.05,перейти,179 686,60.88
Тульская обл.,161 316,11.13,131 636,1 331,423,18.05,перейти,161 316,81.6
Ленинградская обл.,159 159,8.41,121 419,1 696,464,17.05,перейти,160 855,76.29
Забайкальский край,146 544,13.91,110 108,1 775,214,18.05,перейти,146 544,75.14
Кировская обл.,142 921,11.43,107 820,1 411,342,13.05,перейти,149 976,75.44
Липецкая обл.,132 400,11.74,112 600,1 057,408,18.05,перейти,132 400,85.05
Курская обл.,125 040,11.4,105 962,1 992,212,18.05,перейти,125 040,84.74
Саха,124 593,12.69,100 010,1 823,201,18.05,перейти,124 593,80.27
Приморский край,123 341,6.57,91 006,1 635,499,17.05,перейти,124 976,73.78
Тверская обл.,121 204,9.73,104 994,738,680,18.05,перейти,121 204,86.63
Ивановская обл.,120 504,12.21,99 712,799,467,18.05,перейти,120 504,82.75
Пензенская обл.,119 025,9.22,100 522,1 452,363,18.05,перейти,119 025,84.45
Мордовия,118 968,15.27,97 133,1 132,239,18.05,перейти,118 968,81.65
Брянская обл.,113 400,9.59,48 000,914,523,14.05,перейти,117 056,42.33
Ульяновская обл.,112 602,9.24,89 897,1 609,309,17.05,перейти,114 211,79.84
Ярославская обл.,109 259,8.8,87 974,1 323,387,17.05,перейти,110 582,80.52
Тамбовская обл.,108 940,10.96,85 104,1 132,343,18.05,перейти,108 940,78.12
Удмуртия,104 748,7.01,74 788,630,1 019,18.05,перейти,104 748,71.4
Астраханская обл.,104 390,10.46,79 410,1 304,303,18.05,перейти,104 390,76.07
Архангельская обл.,104 006,9.61,77 471,1 438,304,18.05,перейти,104 006,74.49
Бурятия,101 831,10.33,68 476,2 833,138,14.05,перейти,113 163,67.24
Хабаровский край,100 000,7.69,60 000,1 705,323,18.05,перейти,100 000,60.0
Калининградская обл.,99 023,9.72,74 363,1 515,271,15.05,перейти,103 568,75.1
Вологодская обл.,97 886,8.5,72 846,1 984,241,17.05,перейти,99 870,74.42
Владимирская обл.,94 000,7.0,77 000,1 143,505,18.05,перейти,94 000,81.91
Чувашия,93 000,7.7,69 000,1 714,298,18.05,перейти,93 000,74.19
Рязанская обл.,91 460,8.33,69 461,1 555,294,17.05,перейти,93 015,75.95
Амурская обл.,91 270,11.67,73 735,765,392,17.05,перейти,92 035,80.79
Калужская обл.,87 613,8.75,68 430,1 088,379,17.05,перейти,88 701,78.1
Томская обл.,85 510,7.99,57 137,1 379,326,17.05,перейти,86 889,66.82
Коми,85 000,10.45,61 000,1 491,216,17.05,перейти,86 491,71.76
Курганская обл.,81 500,9.96,60 000,1 500,219,17.05,перейти,83 000,73.62
Мурманская обл.,81 000,11.05,57 511,2 286,125,17.05,перейти,83 286,71.0
Дагестан,78 489,2.5,19 949,657,2 265,17.05,перейти,79 146,25.42
Смоленская обл.,73 729,8.0,60 753,713,543,18.05,перейти,73 729,82.4
Карелия,72 373,11.88,58 222,599,388,18.05,перейти,72 373,80.45
Ямало-Ненецкий АО,72 041,13.17,52 091,682,295,17.05,перейти,72 723,72.31
Сахалинская обл.,69 198,14.25,56 750,531,327,18.05,перейти,69 198,82.01
Орловская обл.,66 395,9.16,52 441,945,313,13.05,перейти,71 120,78.98
Чечня,65 000,4.34,45 000,196,3 490,18.05,перейти,65 000,69.23
Костромская обл.,63 900,10.17,43 981,438,571,18.05,перейти,63 900,68.83
Новгородская обл.,58 474,9.87,43 740,552,431,17.05,перейти,59 026,74.8
Севастополь,57 642,11.3,44 375,542,364,18.05,перейти,57 642,76.98
Псковская обл.,51 500,8.3,41 000,457,566,17.05,перейти,51 957,79.61
Марий Эл,51 089,7.57,40 648,441,650,14.05,перейти,52 853,79.56
Хакасия,49 989,9.4,39 967,465,465,18.05,перейти,49 989,79.95
Тыва,44 781,13.55,30 017,584,206,18.05,перейти,44 781,67.03
Северная Осетия,38 077,5.49,27 321,951,324,17.05,перейти,39 028,71.75
Карачаево-Черкесия,36 800,7.91,20 913,963,203,17.05,перейти,37 763,56.83
Калмыкия,34 685,12.85,25 443,669,150,15.05,перейти,36 692,73.35
Ингушетия,31 698,6.15,23 300,957,236,17.05,перейти,32 655,73.51
Камчатский край,31 064,9.97,24 106,286,436,17.05,перейти,31 350,77.6
Кабардино-Балкария,30 536,3.51,24 100,226,1 788,18.05,перейти,30 536,78.92
Алтай,23 764,10.76,18 551,233,372,18.05,перейти,23 764,78.06
Адыгея,22 943,4.95,15 500,284,735,15.05,перейти,23 795,67.56
Магаданская обл.,20 219,14.54,16 012,173,285,18.05,перейти,20 219,79.19
Еврейская АО,12 000,7.67,9 000,286,232,18.05,перейти,12 000,75.0
Чукотский АО,11 034,22.28,8 696,105,131,16.05,перейти,11 244,78.81
Ненецкий АО,7 000,15.77,5 300,43,353,17.05,перейти,7 043,75.71
