регион,"привито, чел.",% от насе-ления,"привито двумя комп., чел.","новых привитых, чел./день",дней до вакц. 50% нас.,обнов-лено,источник,"прогноз приви-тых, чел. *"
Москва,1 000 000,7.9,820 000,0,-,15.04,перейти,1 000 000
Московская обл.,830 000,10.77,340 938,4 286,706,4.05,перейти,834 286
Санкт-Петербург,576 666,10.71,452 149,3 619,585,5.05,перейти,576 666
Краснодарский край,408 000,7.18,210 680,6 369,382,30.04,перейти,439 845
Свердловская обл.,387 996,9.04,260 581,3 119,563,5.05,перейти,387 996
Ростовская обл.,319 635,7.64,195 544,2 798,633,5.05,перейти,319 635
Самарская обл.,308 000,9.76,220 000,4 286,296,4.05,перейти,312 286
Нижегородская обл.,281 211,8.85,193 089,3 459,378,4.05,перейти,284 670
Башкортостан,274 935,6.85,180 461,3 357,516,5.05,перейти,274 935
Татарстан,260 293,6.68,167 471,3 040,555,5.05,перейти,260 293
Белгородская обл.,230 374,14.95,146 027,1 845,293,5.05,перейти,230 374
Волгоградская обл.,224 280,9.06,138 736,3 469,292,5.05,перейти,224 280
Воронежская обл.,220 000,9.54,150 000,2 460,379,29.04,перейти,234 760
Новосибирская обл.,214 390,7.7,126 590,5 056,233,30.04,перейти,239 670
Челябинская обл.,210 000,6.1,139 039,571,2 647,30.04,перейти,212 855
Ставропольский край,202 700,7.26,134 400,1 671,714,5.05,перейти,202 700
Кемеровская обл.,201 000,7.63,136 000,3 244,344,5.05,перейти,201 000
Красноярский край,200 000,7.0,120 120,4 110,299,30.04,перейти,220 550
Алтайский край,196 027,8.54,127 363,2 028,470,5.05,перейти,196 027
Иркутская обл.,194 238,8.18,117 810,1 680,591,5.05,перейти,194 238
Саратовская обл.,180 000,7.52,114 000,3 110,327,29.04,перейти,198 660
Пермский край,178 177,6.91,114 831,1 496,743,5.05,перейти,178 177
Оренбургская обл.,175 893,9.05,12 905,3 106,256,4.05,перейти,178 999
Омская обл.,166 691,8.76,106 052,1 813,433,5.05,перейти,166 691
Крым,162 000,8.52,80 000,5 574,142,30.04,перейти,189 870
Ханты-Мансийский АО,159 000,9.42,90 990,2 525,271,5.05,перейти,159 000
Тульская обл.,148 000,10.21,107 000,2 000,288,5.05,перейти,148 000
Тюменская обл.,140 066,9.08,75 980,2 750,230,5.05,перейти,140 066
Ленинградская обл.,130 424,6.89,80 459,2 193,372,27.04,перейти,147 968
Кировская обл.,129 735,10.38,76 527,1 962,252,30.04,перейти,139 545
Забайкальский край,122 719,11.65,83 473,937,431,5.05,перейти,122 719
Липецкая обл.,121 200,10.74,91 400,886,500,5.05,перейти,121 200
Тверская обл.,112 833,9.06,104 994,701,727,5.05,перейти,112 833
Ивановская обл.,112 394,11.39,83 055,800,476,5.05,перейти,112 394
Пензенская обл.,108 860,8.43,75 533,1 195,449,4.05,перейти,110 055
Курская обл.,108 036,9.85,84 048,657,670,5.05,перейти,108 036
Саха,107 894,10.99,76 126,269,1 424,5.05,перейти,107 894
Брянская обл.,107 000,9.05,48 000,301,1 609,5.05,перейти,107 000
Приморский край,106 062,5.65,72 362,1 150,724,5.05,перейти,106 062
Мордовия,105 320,13.52,73 806,871,326,4.05,перейти,106 191
Ульяновская обл.,101 337,8.32,68 235,1 239,410,4.05,перейти,102 576
Ярославская обл.,100 000,8.06,60 817,3 143,166,30.04,перейти,115 715
Тамбовская обл.,96 962,9.75,69 747,697,574,5.05,перейти,96 962
Удмуртия,93 945,6.29,59 722,1 263,517,5.05,перейти,93 945
Астраханская обл.,89 654,8.99,60 811,824,497,5.05,перейти,89 654
Калининградская обл.,88 421,8.68,56 641,917,459,4.05,перейти,89 338
Владимирская обл.,86 000,6.41,64 000,1 571,372,5.05,перейти,86 000
Вологодская обл.,84 000,7.3,52 000,1 235,398,5.05,перейти,84 000
Хабаровский край,82 809,6.36,45 554,1 116,509,4.05,перейти,83 925
Рязанская обл.,80 574,7.34,54 513,1 274,368,30.04,перейти,86 944
Архангельская обл.,80 538,7.44,49 585,2 934,157,29.04,перейти,98 142
Бурятия,80 000,8.12,46 424,493,837,5.05,перейти,80 000
Амурская обл.,80 000,10.23,56 965,724,429,5.05,перейти,80 000
Калужская обл.,79 857,7.98,48 728,953,441,4.05,перейти,80 810
Томская обл.,75 855,7.09,48 640,1 381,333,4.05,перейти,77 236
Коми,74 562,9.16,36 614,959,346,5.05,перейти,74 562
Курганская обл.,71 000,8.67,47 000,3 223,105,5.05,перейти,71 000
Чувашия,70 000,5.8,44 980,1 508,354,1.05,перейти,76 032
Дагестан,69 281,2.21,19 949,720,2 080,5.05,перейти,69 281
Смоленская обл.,66 441,7.21,47 610,542,727,5.05,перейти,66 441
Мурманская обл.,65 000,8.87,49 682,2 714,111,26.04,перейти,89 426
Карелия,64 067,10.52,39 838,907,265,29.04,перейти,69 509
Сахалинская обл.,63 367,13.05,46 733,567,316,5.05,перейти,63 367
Чечня,62 000,4.14,25 498,857,802,4.05,перейти,62 857
Ямало-Ненецкий АО,60 000,10.97,34 000,1 429,149,30.04,перейти,67 145
Орловская обл.,59 779,8.25,41 019,792,382,29.04,перейти,64 531
Костромская обл.,58 523,9.31,43 981,500,511,5.05,перейти,58 523
Новгородская обл.,53 832,9.09,35 490,740,328,5.05,перейти,53 832
Севастополь,50 314,9.87,25 071,1 060,193,30.04,перейти,55 614
Марий Эл,46 019,6.81,30 280,860,339,4.05,перейти,46 879
Псковская обл.,45 500,7.34,32 000,643,412,2.05,перейти,47 429
Хакасия,44 248,8.32,29 769,320,693,5.05,перейти,44 248
Тыва,37 589,11.38,19 745,725,176,5.05,перейти,37 589
Северная Осетия,31 422,4.53,20 326,721,437,30.04,перейти,35 027
Карачаево-Черкесия,30 062,6.46,14 800,555,365,5.05,перейти,30 062
Калмыкия,30 000,11.11,10 000,1 099,96,22.04,перейти,44 287
Кабардино-Балкария,26 000,2.99,15 100,374,1 093,28.04,перейти,28 618
Ингушетия,25 000,4.85,15 352,450,517,30.04,перейти,27 250
Камчатский край,24 619,7.9,15 476,762,172,26.04,перейти,31 477
Алтай,21 506,9.73,14 055,251,354,5.05,перейти,21 506
Адыгея,20 955,4.52,15 500,462,456,30.04,перейти,23 265
Магаданская обл.,18 689,13.44,12 473,449,113,5.05,перейти,18 689
Чукотский АО,10 229,20.65,7 157,247,59,30.04,перейти,11 464
Еврейская АО,10 000,6.39,7 881,165,414,5.05,перейти,10 000
Ненецкий АО,6 128,13.81,3 634,130,124,29.04,перейти,6 908
