регион,"привито, чел.",% от насе-ления,% от плана ***,"привито двумя комп., чел.","новых привитых, чел./день",дней до вакц. 50% нас.,дней до вып. плана,обнов-лено,"2 комп./1 комп., %","план, % от нас."
Москва,2 000 000,15.8,31.71,1 600 000,30 612,141,141,26.06,80.0,49.83
Московская обл.,1 441 783,18.7,36.04,1 000 000,30 255,80,85,28.06,69.36,51.88
Санкт-Петербург,872 945,16.21,72.75,701 430,10 169,179,32,29.06,80.35,22.28
Краснодарский край,780 000,13.72,28.89,572 368,7 796,264,246,28.06,73.38,47.49
Свердловская обл.,650 000,15.15,43.33,482 000,13 190,113,64,29.06,74.15,34.96
Ростовская обл.,613 819,14.68,36.11,467 548,10 339,143,105,29.06,76.17,40.66
Башкортостан,531 585,13.24,26.58,371 176,12 016,123,122,29.06,69.82,49.81
Татарстан,520 024,13.35,28.11,374 854,7 830,182,170,29.06,72.08,47.49
Самарская обл.,518 000,16.42,34.53,416 000,6 000,177,164,29.06,80.31,47.55
Нижегородская обл.,469 100,14.77,30.72,355 000,7 167,156,148,29.06,75.68,48.08
Белгородская обл.,446 617,28.98,59.55,318 499,7 463,43,41,29.06,71.31,48.67
Новосибирская обл.,410 960,14.75,31.61,312 904,4 701,209,189,28.06,76.14,46.66
Волгоградская обл.,400 000,16.16,57.14,305 000,6 229,134,48,29.06,76.25,28.28
Кемеровская обл.,390 693,14.84,31.61,276 828,8 641,107,98,29.06,70.86,46.95
Красноярский край,371 515,13.01,28.58,293 683,5 183,204,179,26.06,79.05,45.52
Воронежская обл.,369 398,16.02,31.38,300 864,5 628,139,143,29.06,81.45,51.04
Челябинская обл.,358 000,10.4,22.38,314 604,2 608,523,476,29.06,87.88,46.48
Иркутская обл.,352 691,14.85,35.27,267 608,4 351,192,149,29.06,75.88,42.1
Саратовская обл.,352 381,14.71,29.27,264 252,5 341,158,159,29.06,74.99,50.26
Ставропольский край,339 300,12.15,26.1,258 213,4 657,227,206,29.06,76.1,46.55
Ханты-Мансийский АО,337 376,19.99,44.98,254 230,4 856,104,85,29.06,75.36,44.44
Алтайский край,327 235,14.25,17.59,256 207,4 850,169,316,29.06,78.29,81.0
Пермский край,312 038,12.1,26.0,244 218,4 462,219,199,29.06,78.27,46.53
Тюменская обл.,311 180,20.16,44.45,222 367,4 067,113,96,29.06,71.46,45.35
Оренбургская обл.,301 721,15.53,33.69,233 070,4 702,142,126,29.06,77.25,46.09
Крым,290 927,15.3,25.5,225 000,3 147,210,270,24.06,77.34,60.0
Омская обл.,275 567,14.48,30.32,216 148,3 830,177,165,29.06,78.44,47.76
Тульская обл.,244 000,16.84,33.61,185 000,3 543,136,136,28.06,75.82,50.1
Ленинградская обл.,240 429,12.7,32.06,187 437,3 155,224,162,29.06,77.96,39.62
Чечня,220 000,14.69,38.94,83 535,7 688,69,45,29.06,37.97,37.73
Приморский край,213 616,11.38,33.57,157 386,3 624,200,117,29.06,73.68,33.9
Кировская обл.,208 000,16.64,29.09,167 000,1 600,261,317,28.06,80.29,57.2
Саха,204 551,20.83,29.43,166 200,1 831,156,268,29.06,81.25,70.78
Забайкальский край,195 476,18.56,41.22,161 522,1 723,192,162,29.06,82.63,45.03
Липецкая обл.,192 600,17.07,35.24,151 900,3 229,115,110,28.06,78.87,48.44
Курская обл.,179 513,16.37,33.62,142 353,2 788,132,127,29.06,79.3,48.7
Брянская обл.,179 507,15.18,31.66,77 441,2 524,163,154,29.06,43.14,47.95
Пензенская обл.,178 671,13.84,28.06,139 268,2 234,209,205,28.06,77.95,49.32
Ульяновская обл.,178 404,14.64,38.28,137 797,2 486,173,116,28.06,77.24,38.24
Удмуртия,177 852,11.91,39.52,138 314,3 590,158,76,29.06,77.77,30.13
Мордовия,175 920,22.58,45.31,140 950,2 363,90,90,29.06,80.12,49.84
Бурятия,175 510,17.81,40.68,133 537,2 179,146,117,29.06,76.09,43.78
Ивановская обл.,174 407,17.67,40.44,131 498,2 838,112,91,29.06,75.4,43.69
Тверская обл.,173 456,13.93,29.15,153 993,2 729,165,154,29.06,88.78,47.78
Астраханская обл.,171 239,17.16,40.29,128 285,2 645,124,96,29.06,74.92,42.59
Тамбовская обл.,164 626,16.55,33.23,125 954,2 138,156,155,29.06,76.51,49.81
Ярославская обл.,160 000,12.89,26.38,130 000,1 857,248,240,29.06,81.25,48.87
Хабаровский край,153 378,11.79,25.02,118 777,2 115,235,217,29.06,77.44,47.12
Архангельская обл.,148 383,13.71,32.81,122 465,1 547,254,196,29.06,82.53,41.78
Дагестан,148 254,4.73,10.98,19 949,3 084,460,390,29.06,13.46,43.07
Калининградская обл.,148 000,14.53,39.47,120 000,1 541,234,147,29.06,81.08,36.82
Чувашия,147 000,12.17,25.0,117 000,1 643,278,268,29.06,79.59,48.68
Курганская обл.,147 000,17.96,38.13,107 700,3 429,76,70,29.06,73.27,47.1
Вологодская обл.,146 000,12.68,26.99,117 700,1 571,273,251,28.06,80.62,46.99
Рязанская обл.,140 000,12.75,25.87,110 000,2 178,188,184,29.06,78.57,49.29
Калужская обл.,136 000,13.59,27.89,95 200,2 438,150,144,28.06,70.0,48.73
Владимирская обл.,133 848,9.97,22.31,108 627,1 549,347,301,29.06,81.16,44.69
Томская обл.,132 500,12.38,26.6,107 486,1 214,332,301,24.06,81.12,46.55
Амурская обл.,129 954,16.62,35.82,102 110,1 565,167,149,29.06,78.57,46.4
Коми,128 395,15.78,33.88,102 616,1 933,144,130,28.06,79.92,46.58
Смоленская обл.,114 300,12.41,24.68,89 000,1 669,207,209,29.06,77.87,50.29
Мурманская обл.,114 000,15.56,32.74,93 507,1 059,238,221,28.06,82.02,47.53
Ямало-Ненецкий АО,104 500,19.1,42.83,85 500,1 429,118,98,28.06,81.82,44.6
Сахалинская обл.,104 377,21.49,44.73,72 778,1 814,76,71,29.06,69.73,48.04
Карелия,95 609,15.7,32.9,78 970,922,227,212,24.06,82.6,47.72
Орловская обл.,91 983,12.69,25.87,79 201,696,388,379,29.06,86.1,49.05
Костромская обл.,90 389,14.38,29.91,67 841,1 256,178,169,29.06,75.05,48.08
Новгородская обл.,86 781,14.65,30.2,69 295,1 059,198,189,29.06,79.85,48.5
Севастополь,83 134,16.3,37.96,65 814,1 128,152,120,29.06,79.17,42.94
Марий Эл,77 787,11.52,24.52,58 771,1 163,223,206,29.06,75.55,46.97
Хакасия,77 735,14.61,32.12,59 817,1 169,161,141,29.06,76.95,45.48
Псковская обл.,71 700,11.56,23.45,58 400,750,318,312,24.06,81.45,49.3
Кабардино-Балкария,64 554,7.43,16.26,39 125,2 093,177,159,28.06,60.61,45.68
Северная Осетия,62 608,9.03,19.58,46 859,920,309,280,29.06,74.85,46.13
Ингушетия,61 661,11.96,29.45,45 862,741,265,199,28.06,74.38,40.61
Тыва,61 477,18.61,49.46,48 912,599,173,105,28.06,79.56,37.62
Карачаево-Черкесия,61 110,13.13,28.29,49 757,574,299,270,29.06,81.42,46.41
Камчатский край,41 734,13.39,28.2,34 103,537,212,198,29.06,81.72,47.48
Калмыкия,40 000,14.82,32.52,34 000,238,399,349,17.06,85.0,45.57
Адыгея,39 951,8.63,20.8,30 632,600,319,254,23.06,76.67,41.5
Алтай,37 405,16.93,44.6,29 176,455,161,102,29.06,78.0,37.96
Магаданская обл.,27 774,19.98,66.13,24 044,205,204,69,29.06,86.57,30.21
Еврейская АО,20 419,13.05,28.32,14 690,390,148,133,24.06,71.94,46.08
Чукотский АО,15 331,30.95,67.82,12 950,120,79,61,28.06,84.47,45.63
Ненецкий АО,10 413,23.46,54.02,8 920,85,139,104,28.06,85.66,43.43
