регион,"привито, чел.",% от насе-ления,"привито двумя комп., чел.","новых привитых, чел./день",дней до вакц. 50% нас.,обнов-лено,источник,"прогноз приви-тых, чел. *"
Москва,1 000 000,7.9,820 000,0,-,15.04,перейти,1 000 000
Московская обл.,800 000,10.38,340 938,13 143,232,27.04,перейти,826 286
Санкт-Петербург,557 301,10.35,418 488,5 336,400,29.04,перейти,557 301
Краснодарский край,400 000,7.04,210 680,12 586,194,27.04,перейти,425 172
Свердловская обл.,366 161,8.54,229 325,13 023,137,28.04,перейти,379 184
Ростовская обл.,304 983,7.29,166 600,5 310,336,29.04,перейти,304 983
Самарская обл.,300 000,9.51,184 000,4 857,263,29.04,перейти,300 000
Нижегородская обл.,273 000,8.59,152 267,4 286,307,29.04,перейти,273 000
Башкортостан,251 434,6.26,157 900,3 692,475,29.04,перейти,251 434
Татарстан,243 195,6.25,157 081,4 009,425,29.04,перейти,243 195
Белгородская обл.,221 766,14.39,132 670,3 896,141,29.04,перейти,221 766
Воронежская обл.,220 000,9.54,150 000,2 460,379,29.04,перейти,220 000
Новосибирская обл.,208 000,7.47,122 000,4 143,286,29.04,перейти,208 000
Челябинская обл.,206 000,5.98,139 039,3 714,408,26.04,перейти,217 142
Волгоградская обл.,200 000,8.08,100 000,4 000,259,26.04,перейти,212 000
Ставропольский край,191 000,6.84,110 000,3 000,402,28.04,перейти,194 000
Алтайский край,186 170,8.11,111 607,3 271,294,29.04,перейти,186 170
Иркутская обл.,186 131,7.84,105 457,3 626,276,29.04,перейти,186 131
Кемеровская обл.,180 000,6.84,116 253,2 024,562,29.04,перейти,180 000
Саратовская обл.,180 000,7.52,114 000,3 110,327,29.04,перейти,180 000
Красноярский край,171 230,6.0,120 120,3 033,414,20.04,перейти,198 527
Пермский край,171 094,6.63,101 317,2 839,394,29.04,перейти,171 094
Оренбургская обл.,169 000,8.7,12 905,2 995,268,29.04,перейти,169 000
Омская обл.,157 357,8.27,86 718,2 442,325,29.04,перейти,157 357
Крым,151 687,7.98,76 518,4 101,195,28.04,перейти,155 788
Ханты-Мансийский АО,141 325,8.37,68 325,5 103,138,28.04,перейти,146 428
Тульская обл.,134 000,9.25,88 000,1 819,325,26.04,перейти,139 457
Ленинградская обл.,130 424,6.89,80 459,2 193,372,27.04,перейти,134 810
Кировская обл.,123 000,9.84,64 000,2 812,179,24.04,перейти,137 060
Тюменская обл.,120 817,7.83,60 207,3 845,169,27.04,перейти,128 507
Липецкая обл.,120 000,10.64,80 000,2 286,194,29.04,перейти,120 000
Забайкальский край,118 343,11.23,72 738,1 982,206,29.04,перейти,118 343
Тверская обл.,109 169,8.76,81 876,1 025,501,29.04,перейти,109 169
Ивановская обл.,108 215,10.96,74 643,1 187,325,29.04,перейти,108 215
Саха,106 576,10.85,62 524,880,437,29.04,перейти,106 576
Пензенская обл.,105 094,8.14,65 376,1 757,308,29.04,перейти,105 094
Курская обл.,103 434,9.43,74 261,885,503,29.04,перейти,103 434
Брянская обл.,103 255,8.73,48 000,977,500,26.04,перейти,106 186
Мордовия,103 188,13.25,67 620,1 280,224,29.04,перейти,103 188
Приморский край,99 767,5.31,66 942,1 395,602,29.04,перейти,99 767
Ульяновская обл.,95 754,7.86,56 386,1 885,272,28.04,перейти,97 639
Тамбовская обл.,93 325,9.38,62 444,1 147,352,29.04,перейти,93 325
Ярославская обл.,90 380,7.28,60 817,1 769,300,26.04,перейти,95 687
Удмуртия,86 532,5.79,51 540,1 464,451,29.04,перейти,86 532
Астраханская обл.,85 452,8.56,54 090,1 377,300,29.04,перейти,85 452
Калининградская обл.,82 000,8.05,47 000,3 071,139,27.04,перейти,88 142
Вологодская обл.,81 000,7.04,42 782,2 571,192,29.04,перейти,81 000
Архангельская обл.,80 538,7.44,49 585,2 934,157,29.04,перейти,80 538
Амурская обл.,79 878,10.22,56 965,983,316,29.04,перейти,79 878
Хабаровский край,78 000,5.99,45 554,1 418,404,29.04,перейти,78 000
Рязанская обл.,77 000,7.01,50 000,2 241,211,28.04,перейти,79 241
Бурятия,76 547,7.77,46 424,3 050,136,26.04,перейти,85 697
Владимирская обл.,75 000,5.59,53 000,571,1 044,27.04,перейти,76 142
Калужская обл.,73 184,7.31,48 728,1 080,396,27.04,перейти,75 344
Коми,69 875,8.59,36 614,2 846,118,29.04,перейти,69 875
Чувашия,69 000,5.71,44 980,1 365,392,29.04,перейти,69 000
Томская обл.,66 191,6.18,43 000,720,651,28.04,перейти,66 911
Дагестан,65 283,2.08,19 949,1 200,1 251,29.04,перейти,65 283
Мурманская обл.,65 000,8.87,49 682,2 714,111,26.04,перейти,73 142
Карелия,64 067,10.52,39 838,907,265,29.04,перейти,64 067
Смоленская обл.,62 649,6.8,40 532,1 236,322,28.04,перейти,63 885
Сахалинская обл.,60 339,12.43,42 776,813,224,29.04,перейти,60 339
Орловская обл.,59 779,8.25,41 019,792,382,29.04,перейти,59 779
Ямало-Ненецкий АО,59 000,10.79,34 000,2 000,107,29.04,перейти,59 000
Чечня,56 000,3.74,25 498,1 714,404,27.04,перейти,59 428
Костромская обл.,55 026,8.76,33 000,718,361,28.04,перейти,55 744
Севастополь,49 230,9.65,24 270,1 112,185,29.04,перейти,49 230
Новгородская обл.,48 653,8.21,28 340,952,260,26.04,перейти,51 509
Курганская обл.,48 438,5.92,30 482,1 344,268,14.04,перейти,68 598
Псковская обл.,44 200,7.13,28 000,457,582,29.04,перейти,44 200
Хакасия,42 759,8.04,26 357,674,331,29.04,перейти,42 759
Марий Эл,40 000,5.92,22 000,1 241,240,22.04,перейти,48 687
Тыва,32 512,9.84,12 897,832,159,26.04,перейти,35 008
Калмыкия,30 000,11.11,10 000,1 099,96,22.04,перейти,37 693
Северная Осетия,26 376,3.81,14 914,469,683,20.04,перейти,30 597
Карачаево-Черкесия,26 174,5.62,13 604,710,291,28.04,перейти,26 884
Кабардино-Балкария,26 000,2.99,15 100,374,1 093,28.04,перейти,26 374
Ингушетия,24 932,4.84,15 352,440,529,26.04,перейти,26 252
Камчатский край,24 619,7.9,15 476,762,172,26.04,перейти,26 905
Адыгея,20 400,4.4,14 800,383,551,28.04,перейти,20 783
Алтай,19 752,8.94,10 687,389,233,28.04,перейти,20 141
Магаданская обл.,15 544,11.18,11 363,156,346,29.04,перейти,15 544
Чукотский АО,9 640,19.46,6 882,162,93,28.04,перейти,9 802
Еврейская АО,8 846,5.65,6 394,140,496,19.04,перейти,10 246
Ненецкий АО,6 128,13.81,3 634,130,124,29.04,перейти,6 128
