регион,"привито, чел.",% от насе-ления,"привито двумя комп., чел.","новых привитых, чел./день",дней до вакц. 50% нас.,обнов-лено,источник,"прогноз приви-тых, чел. *"
Москва,1 000 000,7.9,820 000,0,-,15.04,перейти,1 000 000
Московская обл.,830 000,10.77,340 938,4 286,706,4.05,перейти,855 716
Санкт-Петербург,590 322,10.96,478 178,2 855,736,9.05,перейти,593 177
Краснодарский край,445 000,7.83,210 680,5 286,453,10.05,перейти,445 000
Свердловская обл.,387 996,9.04,260 581,3 119,563,5.05,перейти,403 591
Ростовская обл.,334 458,8.0,222 126,2 800,627,10.05,перейти,334 458
Самарская обл.,330 000,10.46,246 000,3 143,397,10.05,перейти,330 000
Нижегородская обл.,300 000,9.44,204 000,3 857,334,9.05,перейти,303 857
Башкортостан,291 228,7.26,200 179,4 107,418,10.05,перейти,291 228
Татарстан,272 385,6.99,190 568,2 444,685,8.05,перейти,277 273
Белгородская обл.,237 860,15.43,161 779,1 326,402,10.05,перейти,237 860
Воронежская обл.,235 500,10.21,184 000,2 214,414,8.05,перейти,239 928
Новосибирская обл.,234 127,8.4,150 304,2 820,411,7.05,перейти,242 587
Волгоградская обл.,228 000,9.21,151 000,1 429,706,7.05,перейти,232 287
Красноярский край,221 354,7.75,151 801,7 161,168,6.05,перейти,249 998
Ставропольский край,211 000,7.56,150 000,1 571,755,10.05,перейти,211 000
Челябинская обл.,210 000,6.1,139 039,571,2 647,30.04,перейти,215 710
Иркутская обл.,208 521,8.78,130 759,2 286,428,10.05,перейти,208 521
Алтайский край,204 043,8.89,145 767,1 459,647,10.05,перейти,204 043
Кемеровская обл.,201 000,7.63,136 000,3 244,344,5.05,перейти,217 220
Саратовская обл.,190 500,7.95,129 000,1 500,671,6.05,перейти,196 500
Пермский край,185 688,7.2,131 305,1 349,818,10.05,перейти,185 688
Оренбургская обл.,175 893,9.05,12 905,3 106,256,4.05,перейти,194 529
Омская обл.,174 849,9.18,122 257,1 678,463,10.05,перейти,174 849
Крым,162 000,8.52,80 000,5 574,142,30.04,перейти,217 740
Ханты-Мансийский АО,160 000,9.48,90 990,2 668,256,6.05,перейти,170 672
Тульская обл.,148 000,10.21,107 000,2 000,288,5.05,перейти,158 000
Ленинградская обл.,147 290,7.78,103 262,2 409,332,7.05,перейти,154 517
Тюменская обл.,140 066,9.08,75 980,2 750,230,5.05,перейти,153 816
Кировская обл.,133 042,10.64,89 502,1 435,343,6.05,перейти,138 782
Забайкальский край,133 031,12.63,93 089,1 628,242,10.05,перейти,133 031
Липецкая обл.,121 200,10.74,91 400,886,500,5.05,перейти,125 630
Тверская обл.,115 803,9.3,104 994,586,865,10.05,перейти,115 803
Ивановская обл.,114 777,11.63,88 901,504,751,10.05,перейти,114 777
Приморский край,111 897,5.96,81 400,1 149,720,10.05,перейти,111 897
Саха,111 240,11.33,87 045,503,755,10.05,перейти,111 240
Курская обл.,110 906,10.11,90 095,546,801,10.05,перейти,110 906
Мордовия,110 002,14.12,82 935,705,396,10.05,перейти,110 002
Пензенская обл.,108 860,8.43,75 533,1 195,449,4.05,перейти,116 030
Брянская обл.,107 000,9.05,48 000,301,1 609,5.05,перейти,108 505
Ульяновская обл.,101 337,8.32,68 235,1 239,410,4.05,перейти,108 771
Тамбовская обл.,100 134,10.07,76 481,641,619,10.05,перейти,100 134
Ярославская обл.,100 000,8.06,60 817,3 143,166,30.04,перейти,131 430
Удмуртия,95 412,6.39,63 457,1 231,529,7.05,перейти,99 105
Астраханская обл.,95 046,9.53,67 601,978,413,10.05,перейти,95 046
Архангельская обл.,93 942,8.68,60 215,1 915,234,8.05,перейти,97 772
Калининградская обл.,88 421,8.68,56 641,917,459,4.05,перейти,93 923
Хабаровский край,88 064,6.77,59 135,1 438,391,7.05,перейти,92 378
Владимирская обл.,86 000,6.41,64 000,1 571,372,5.05,перейти,93 855
Амурская обл.,85 914,10.99,65 595,862,354,7.05,перейти,88 500
Вологодская обл.,84 000,7.3,52 000,1 235,398,5.05,перейти,90 175
Бурятия,82 000,8.32,53 000,779,527,6.05,перейти,85 116
Чувашия,81 000,6.71,55 000,1 714,305,6.05,перейти,87 856
Рязанская обл.,80 574,7.34,54 513,1 274,368,30.04,перейти,93 314
Калужская обл.,80 000,7.99,60 000,974,432,6.05,перейти,83 896
Томская обл.,75 855,7.09,48 640,1 381,333,4.05,перейти,84 141
Коми,74 562,9.16,36 614,959,346,5.05,перейти,79 357
Дагестан,73 893,2.36,19 949,849,1 758,10.05,перейти,73 893
Курганская обл.,71 000,8.67,47 000,3 223,105,5.05,перейти,87 115
Смоленская обл.,68 613,7.45,52 592,425,922,10.05,перейти,68 613
Карелия,68 180,11.19,50 409,588,402,9.05,перейти,68 768
Ямало-Ненецкий АО,67 269,12.3,42 251,1 038,199,10.05,перейти,67 269
Орловская обл.,65 512,9.04,45 311,819,362,6.05,перейти,68 788
Мурманская обл.,65 000,8.87,49 682,2 714,111,26.04,перейти,102 996
Сахалинская обл.,64 997,13.38,49 229,426,417,10.05,перейти,64 997
Чечня,63 626,4.25,25 498,1 089,629,7.05,перейти,66 893
Костромская обл.,60 600,9.64,43 981,417,608,10.05,перейти,60 600
Новгородская обл.,54 609,9.22,36 958,851,284,7.05,перейти,57 162
Севастополь,50 314,9.87,25 071,1 060,193,30.04,перейти,60 914
Псковская обл.,48 300,7.79,36 300,400,655,9.05,перейти,48 700
Марий Эл,48 000,7.11,35 000,1 143,253,7.05,перейти,51 429
Хакасия,45 638,8.58,32 201,337,654,7.05,перейти,46 649
Тыва,39 336,11.91,22 119,975,129,6.05,перейти,43 236
Северная Осетия,31 422,4.53,20 326,721,437,30.04,перейти,38 632
Карачаево-Черкесия,30 062,6.46,14 800,555,365,5.05,перейти,32 837
Калмыкия,30 000,11.11,10 000,1 099,96,22.04,перейти,49 782
Кабардино-Балкария,28 953,3.33,22 126,422,961,10.05,перейти,28 953
Ингушетия,25 000,4.85,15 352,450,517,30.04,перейти,29 500
Камчатский край,24 619,7.9,15 476,762,172,26.04,перейти,35 287
Алтай,23 068,10.44,15 956,300,291,10.05,перейти,23 068
Адыгея,20 955,4.52,15 500,462,456,30.04,перейти,25 575
Магаданская обл.,19 010,13.67,12 851,495,102,6.05,перейти,20 990
Чукотский АО,10 300,20.8,7 157,94,154,6.05,перейти,10 676
Еврейская АО,10 000,6.39,7 881,165,414,5.05,перейти,10 825
Ненецкий АО,6 700,15.09,3 634,82,189,6.05,перейти,7 028
