регион,"привито, чел.",% от насе-ления,"привито двумя комп., чел.","новых привитых, чел./день",дней до вакц. 50% нас.,обнов-лено,источник,"прогноз приви-тых, чел. *"
Москва,1 000 000,7.9,820 000,0,-,15.04,перейти,1 000 000
Московская обл.,830 000,10.77,340 938,4 286,706,4.05,перейти,842 858
Санкт-Петербург,580 463,10.78,460 540,3 309,638,6.05,перейти,583 772
Краснодарский край,415 000,7.3,210 680,2 143,1 133,6.05,перейти,417 143
Свердловская обл.,387 996,9.04,260 581,3 119,563,5.05,перейти,394 234
Ростовская обл.,326 652,7.81,209 004,2 505,704,7.05,перейти,326 652
Самарская обл.,320 000,10.15,230 000,2 857,440,7.05,перейти,320 000
Нижегородская обл.,289 500,9.11,204 000,2 357,551,7.05,перейти,289 500
Башкортостан,284 494,7.09,192 692,3 145,548,7.05,перейти,284 494
Татарстан,267 855,6.88,185 987,2 659,632,7.05,перейти,267 855
Белгородская обл.,234 152,15.19,153 513,1 231,436,7.05,перейти,234 152
Новосибирская обл.,234 127,8.4,150 304,2 820,411,7.05,перейти,234 127
Волгоградская обл.,228 000,9.21,151 000,1 429,706,7.05,перейти,228 000
Красноярский край,221 354,7.75,151 801,7 161,168,6.05,перейти,228 515
Воронежская обл.,220 000,9.54,150 000,2 460,379,29.04,перейти,239 680
Челябинская обл.,210 000,6.1,139 039,571,2 647,30.04,перейти,213 997
Ставропольский край,204 000,7.3,139 000,1 085,1 099,7.05,перейти,204 000
Иркутская обл.,201 461,8.48,124 794,1 835,537,7.05,перейти,201 461
Алтайский край,201 327,8.77,139 366,1 736,545,7.05,перейти,201 327
Кемеровская обл.,201 000,7.63,136 000,3 244,344,5.05,перейти,207 488
Саратовская обл.,190 500,7.95,129 000,1 500,671,6.05,перейти,192 000
Пермский край,181 835,7.05,125 439,1 146,967,7.05,перейти,181 835
Оренбургская обл.,175 893,9.05,12 905,3 106,256,4.05,перейти,185 211
Омская обл.,171 467,9.01,116 092,1 527,511,7.05,перейти,171 467
Крым,162 000,8.52,80 000,5 574,142,30.04,перейти,201 018
Ханты-Мансийский АО,159 000,9.42,90 990,2 525,271,5.05,перейти,164 050
Тульская обл.,148 000,10.21,107 000,2 000,288,5.05,перейти,152 000
Ленинградская обл.,147 290,7.78,103 262,2 409,332,7.05,перейти,147 290
Тюменская обл.,140 066,9.08,75 980,2 750,230,5.05,перейти,145 566
Кировская обл.,133 042,10.64,89 502,1 435,343,6.05,перейти,134 477
Забайкальский край,126 873,12.04,86 883,1 030,388,7.05,перейти,126 873
Липецкая обл.,121 200,10.74,91 400,886,500,5.05,перейти,122 972
Тверская обл.,114 672,9.21,104 994,590,861,7.05,перейти,114 672
Ивановская обл.,113 731,11.52,86 481,610,623,7.05,перейти,113 731
Курская обл.,109 753,10.01,87 828,531,826,7.05,перейти,109 753
Саха,109 054,11.11,82 957,249,1 534,7.05,перейти,109 054
Мордовия,109 017,14.0,80 183,664,422,7.05,перейти,109 017
Пензенская обл.,108 860,8.43,75 533,1 195,449,4.05,перейти,112 445
Приморский край,107 277,5.71,76 942,1 073,775,6.05,перейти,108 350
Брянская обл.,107 000,9.05,48 000,301,1 609,5.05,перейти,107 602
Ульяновская обл.,101 337,8.32,68 235,1 239,410,4.05,перейти,105 054
Ярославская обл.,100 000,8.06,60 817,3 143,166,30.04,перейти,122 001
Тамбовская обл.,98 325,9.89,72 663,566,705,7.05,перейти,98 325
Удмуртия,95 412,6.39,63 457,1 231,529,7.05,перейти,95 412
Астраханская обл.,92 824,9.3,65 352,858,473,7.05,перейти,92 824
Калининградская обл.,88 421,8.68,56 641,917,459,4.05,перейти,91 172
Хабаровский край,88 064,6.77,59 135,1 438,391,7.05,перейти,88 064
Владимирская обл.,86 000,6.41,64 000,1 571,372,5.05,перейти,89 142
Амурская обл.,85 914,10.99,65 595,862,354,7.05,перейти,85 914
Вологодская обл.,84 000,7.3,52 000,1 235,398,5.05,перейти,86 470
Бурятия,82 000,8.32,53 000,779,527,6.05,перейти,82 779
Чувашия,81 000,6.71,55 000,1 714,305,6.05,перейти,82 714
Рязанская обл.,80 574,7.34,54 513,1 274,368,30.04,перейти,89 492
Архангельская обл.,80 538,7.44,49 585,2 934,157,29.04,перейти,104 010
Калужская обл.,80 000,7.99,60 000,974,432,6.05,перейти,80 974
Томская обл.,75 855,7.09,48 640,1 381,333,4.05,перейти,79 998
Коми,74 562,9.16,36 614,959,346,5.05,перейти,76 480
Дагестан,71 102,2.27,19 949,693,2 158,7.05,перейти,71 102
Курганская обл.,71 000,8.67,47 000,3 223,105,5.05,перейти,77 446
Смоленская обл.,67 758,7.36,50 743,417,942,7.05,перейти,67 758
Орловская обл.,65 512,9.04,45 311,819,362,6.05,перейти,66 331
Мурманская обл.,65 000,8.87,49 682,2 714,111,26.04,перейти,94 854
Ямало-Ненецкий АО,65 000,11.88,40 000,857,243,6.05,перейти,65 857
Сахалинская обл.,64 559,13.29,48 896,479,372,7.05,перейти,64 559
Карелия,64 067,10.52,39 838,907,265,29.04,перейти,71 323
Чечня,62 000,4.14,25 498,857,802,4.05,перейти,64 571
Костромская обл.,59 685,9.5,43 981,546,466,7.05,перейти,59 685
Новгородская обл.,54 609,9.22,36 958,851,284,7.05,перейти,54 609
Севастополь,50 314,9.87,25 071,1 060,193,30.04,перейти,57 734
Марий Эл,48 000,7.11,35 000,1 143,253,7.05,перейти,48 000
Псковская обл.,47 400,7.64,35 300,457,575,6.05,перейти,47 857
Хакасия,45 638,8.58,32 201,337,654,7.05,перейти,45 638
Тыва,39 336,11.91,22 119,975,129,6.05,перейти,40 311
Северная Осетия,31 422,4.53,20 326,721,437,30.04,перейти,36 469
Карачаево-Черкесия,30 062,6.46,14 800,555,365,5.05,перейти,31 172
Калмыкия,30 000,11.11,10 000,1 099,96,22.04,перейти,46 485
Кабардино-Балкария,26 000,2.99,15 100,374,1 093,28.04,перейти,29 366
Ингушетия,25 000,4.85,15 352,450,517,30.04,перейти,28 150
Камчатский край,24 619,7.9,15 476,762,172,26.04,перейти,33 001
Алтай,21 548,9.75,14 284,257,346,6.05,перейти,21 805
Адыгея,20 955,4.52,15 500,462,456,30.04,перейти,24 189
Магаданская обл.,19 010,13.67,12 851,495,102,6.05,перейти,19 505
Чукотский АО,10 300,20.8,7 157,94,154,6.05,перейти,10 394
Еврейская АО,10 000,6.39,7 881,165,414,5.05,перейти,10 330
Ненецкий АО,6 700,15.09,3 634,82,189,6.05,перейти,6 782
