регион,"привито, чел.",% от насе-ления,"привито двумя комп., чел.","новых привитых, чел./день",дней до вакц. 50% нас.,обнов-лено,источник,"прогноз приви-тых, чел. *","2 комп./1 комп., %"
Москва,1 300 000,10.27,820 000,42 857,117,14.05,перейти,1 428 571,63.08
Московская обл.,900 000,11.68,340 938,10 000,295,11.05,перейти,960 000,37.88
Санкт-Петербург,622 000,11.55,519 000,4 435,467,17.05,перейти,622 000,83.44
Краснодарский край,464 892,8.18,210 680,7 127,334,14.05,перейти,486 273,45.32
Свердловская обл.,428 532,9.99,335 000,5 791,296,17.05,перейти,428 532,78.17
Ростовская обл.,372 950,8.92,266 893,5 499,312,17.05,перейти,372 950,71.56
Самарская обл.,333 000,10.56,254 000,3 571,348,13.05,перейти,347 284,76.28
Башкортостан,310 496,7.74,224 860,2 753,616,17.05,перейти,310 496,72.42
Нижегородская обл.,300 000,9.44,220 000,2 684,480,13.05,перейти,310 736,73.33
Татарстан,289 863,7.44,208 803,2 497,664,15.05,перейти,294 857,72.04
Белгородская обл.,255 890,16.6,190 436,2 576,200,17.05,перейти,255 890,74.42
Новосибирская обл.,253 000,9.08,178 000,2 696,423,14.05,перейти,261 088,70.36
Челябинская обл.,251 000,7.29,207 350,5 857,251,17.05,перейти,251 000,82.61
Воронежская обл.,245 000,10.63,201 000,3 571,254,14.05,перейти,255 713,82.04
Волгоградская обл.,239 000,9.66,176 000,1 571,635,15.05,перейти,242 142,73.64
Красноярский край,232 940,8.16,165 861,4 706,254,11.05,перейти,261 176,71.2
Иркутская обл.,227 544,9.58,158 785,2 718,353,17.05,перейти,227 544,69.78
Ставропольский край,223 000,7.98,160 000,1 714,685,17.05,перейти,223 000,71.75
Алтайский край,216 227,9.42,167 749,1 741,535,17.05,перейти,216 227,77.58
Кемеровская обл.,213 307,8.1,157 000,1 758,628,14.05,перейти,218 581,73.6
Саратовская обл.,210 358,8.78,160 439,2 837,348,17.05,перейти,210 358,76.27
Пермский край,200 291,7.77,154 280,2 086,522,17.05,перейти,200 291,77.03
Оренбургская обл.,200 000,10.29,12 905,3 444,224,15.05,перейти,206 888,6.45
Омская обл.,184 500,9.69,141 376,1 379,556,17.05,перейти,184 500,76.63
Крым,179 749,9.45,118 779,2 536,304,13.05,перейти,189 893,66.08
Ханты-Мансийский АО,170 692,10.11,102 269,4 195,160,11.05,перейти,195 862,59.91
Тюменская обл.,168 496,10.92,98 407,4 061,149,14.05,перейти,180 679,58.4
Ленинградская обл.,159 159,8.41,121 419,1 696,464,17.05,перейти,159 159,76.29
Тульская обл.,152 000,10.49,123 000,571,1 003,14.05,перейти,153 713,80.92
Кировская обл.,142 921,11.43,107 820,1 411,342,13.05,перейти,148 565,75.44
Забайкальский край,142 402,13.52,107 960,1 339,287,17.05,перейти,142 402,75.81
Липецкая обл.,125 000,11.08,102 000,714,615,11.05,перейти,129 284,81.6
Курская обл.,123 954,11.3,104 781,1 864,228,17.05,перейти,123 954,84.53
Приморский край,123 341,6.57,91 006,1 635,499,17.05,перейти,123 341,73.78
Саха,121 780,12.4,100 010,1 506,245,17.05,перейти,121 780,82.12
Тверская обл.,120 361,9.66,104 994,651,772,17.05,перейти,120 361,87.23
Ивановская обл.,119 378,12.09,98 048,657,569,17.05,перейти,119 378,82.13
Мордовия,117 311,15.06,94 825,1 044,261,17.05,перейти,117 311,80.83
Брянская обл.,113 400,9.59,48 000,914,523,14.05,перейти,116 142,42.33
Пензенская обл.,113 018,8.75,89 791,594,896,13.05,перейти,115 394,79.45
Ульяновская обл.,112 602,9.24,89 897,1 609,309,17.05,перейти,112 602,79.84
Ярославская обл.,109 259,8.8,87 974,1 323,387,17.05,перейти,109 259,80.52
Тамбовская обл.,107 695,10.83,83 065,1 080,361,17.05,перейти,107 695,77.13
Удмуртия,103 753,6.95,74 788,1 192,539,16.05,перейти,104 945,72.08
Астраханская обл.,102 726,10.3,77 797,1 097,361,17.05,перейти,102 726,75.73
Архангельская обл.,101 946,9.42,73 720,1 143,384,15.05,перейти,104 232,72.31
Бурятия,101 831,10.33,68 476,2 833,138,14.05,перейти,110 330,67.24
Калининградская обл.,99 023,9.72,74 363,1 515,271,15.05,перейти,102 053,75.1
Вологодская обл.,97 886,8.5,72 846,1 984,241,17.05,перейти,97 886,74.42
Хабаровский край,96 500,7.42,60 000,1 205,460,15.05,перейти,98 910,62.18
Чувашия,91 945,7.61,67 780,1 564,327,17.05,перейти,91 945,73.72
Рязанская обл.,91 460,8.33,69 461,1 555,294,17.05,перейти,91 460,75.95
Амурская обл.,91 270,11.67,73 735,765,392,17.05,перейти,91 270,80.79
Владимирская обл.,90 570,6.75,71 770,653,889,12.05,перейти,93 835,79.24
Калужская обл.,87 613,8.75,68 430,1 088,379,17.05,перейти,87 613,78.1
Томская обл.,85 510,7.99,57 137,1 379,326,17.05,перейти,85 510,66.82
Коми,85 000,10.45,61 000,1 491,216,17.05,перейти,85 000,71.76
Курганская обл.,81 500,9.96,60 000,1 500,219,17.05,перейти,81 500,73.62
Мурманская обл.,81 000,11.05,57 511,2 286,125,17.05,перейти,81 000,71.0
Дагестан,78 489,2.5,19 949,657,2 265,17.05,перейти,78 489,25.42
Смоленская обл.,73 072,7.93,59 787,637,608,17.05,перейти,73 072,81.82
Ямало-Ненецкий АО,72 041,13.17,52 091,682,295,17.05,перейти,72 041,72.31
Карелия,70 787,11.62,55 458,960,243,14.05,перейти,73 667,78.34
Сахалинская обл.,67 879,13.98,54 460,436,401,16.05,перейти,68 315,80.23
Орловская обл.,66 395,9.16,52 441,945,313,13.05,перейти,70 175,78.98
Чечня,63 626,4.25,25 498,1 089,629,7.05,перейти,74 516,40.07
Костромская обл.,63 510,10.11,43 981,416,603,17.05,перейти,63 510,69.25
Новгородская обл.,58 474,9.87,43 740,552,431,17.05,перейти,58 474,74.8
Севастополь,57 005,11.18,43 055,956,207,17.05,перейти,57 005,75.53
Псковская обл.,51 500,8.3,41 000,457,566,17.05,перейти,51 500,79.61
Марий Эл,51 089,7.57,40 648,441,650,14.05,перейти,52 412,79.56
Хакасия,49 383,9.28,38 936,535,405,17.05,перейти,49 383,78.84
Тыва,43 701,13.23,28 412,624,195,17.05,перейти,43 701,65.01
Северная Осетия,38 077,5.49,27 321,951,324,17.05,перейти,38 077,71.75
Карачаево-Черкесия,36 800,7.91,20 913,963,203,17.05,перейти,36 800,56.83
Калмыкия,34 685,12.85,25 443,669,150,15.05,перейти,36 023,73.35
Ингушетия,31 698,6.15,23 300,957,236,17.05,перейти,31 698,73.51
Камчатский край,31 064,9.97,24 106,286,436,17.05,перейти,31 064,77.6
Кабардино-Балкария,29 147,3.35,22 700,450,901,13.05,перейти,30 947,77.88
Алтай,23 349,10.57,18 822,183,476,17.05,перейти,23 349,80.61
Адыгея,22 943,4.95,15 500,284,735,15.05,перейти,23 511,67.56
Магаданская обл.,20 219,14.54,15 554,173,285,17.05,перейти,20 219,76.93
Чукотский АО,11 034,22.28,8 696,105,131,16.05,перейти,11 139,78.81
Еврейская АО,10 000,6.39,7 881,165,414,5.05,перейти,11 980,78.81
Ненецкий АО,7 000,15.77,5 300,43,353,17.05,перейти,7 000,75.71
