регион,"привито, чел.",% от насе-ления,% от плана ***,"привито двумя комп., чел.","новых привитых, чел./день",дней до вакц. 50% нас.,дней до вып. плана,обнов-лено,"2 комп./1 комп., %","план, % от нас."
Москва,1 500 000,11.85,23.78,1 300 000,14 286,338,336,26.05,86.67,49.83
Московская обл.,1 171 691,15.2,29.29,1 000 000,13 813,194,205,6.06,85.35,51.89
Санкт-Петербург,727 760,13.52,60.65,604 672,4 785,411,99,8.06,83.09,22.29
Краснодарский край,600 000,10.56,22.22,428 231,7 065,317,297,6.06,71.37,47.52
Свердловская обл.,510 000,11.89,30.0,403 639,6 770,242,176,8.06,79.14,39.63
Ростовская обл.,474 925,11.36,27.94,373 152,4 055,398,302,8.06,78.57,40.66
Самарская обл.,423 000,13.41,28.2,341 000,3 286,351,328,7.06,80.61,47.55
Татарстан,401 410,10.31,21.7,283 066,5 220,296,278,8.06,70.52,47.52
Башкортостан,388 586,9.68,19.43,300 769,3 311,489,487,8.06,77.4,49.82
Нижегородская обл.,371 000,11.68,37.1,301 500,3 000,406,210,7.06,81.27,31.48
Белгородская обл.,337 566,21.9,45.01,242 668,4 275,101,96,8.06,71.89,48.66
Красноярский край,335 000,11.73,25.77,191 109,11 581,94,83,1.06,57.05,45.52
Новосибирская обл.,327 697,11.76,25.21,252 607,3 570,298,272,7.06,77.09,46.65
Волгоградская обл.,315 000,12.73,45.0,230 000,2 143,430,180,8.06,73.02,28.29
Челябинская обл.,300 000,8.71,18.75,264 255,0,-,,8.06,88.09,46.45
Воронежская обл.,292 476,12.69,24.85,233 800,2 854,301,310,2.06,79.94,51.07
Иркутская обл.,286 273,12.05,28.63,218 588,2 409,374,296,8.06,76.36,42.09
Ставропольский край,277 190,9.93,21.32,219 757,2 551,439,401,8.06,79.28,46.57
Кемеровская обл.,264 000,10.02,21.36,167 200,571,1 844,1 702,31.05,63.33,46.91
Алтайский край,263 818,11.49,23.98,213 118,1 943,455,430,8.06,80.78,47.91
Саратовская обл.,263 561,11.0,21.89,205 922,2 184,428,431,7.06,78.13,50.25
Пермский край,252 505,9.79,21.04,198 342,2 172,477,436,8.06,78.55,46.53
Ханты-Мансийский АО,248 576,14.73,33.14,169 381,3 745,159,134,2.06,68.14,44.44
Оренбургская обл.,245 546,12.64,27.42,192 146,2 167,335,300,8.06,78.25,46.1
Крым,232 866,12.25,20.41,170 076,3 221,223,282,2.06,73.04,60.02
Тюменская обл.,230 000,14.9,32.86,150 000,2 082,260,226,4.06,65.22,45.35
Омская обл.,223 924,11.76,24.63,180 419,1 557,468,440,8.06,80.57,47.74
Тульская обл.,196 000,13.53,27.0,155 500,3 714,142,143,7.06,79.34,50.11
Ленинградская обл.,195 644,10.34,26.09,153 052,1 954,384,284,7.06,78.23,39.64
Саха,179 383,18.27,25.81,123 510,1 671,186,309,8.06,68.85,70.8
Кировская обл.,171 000,13.68,23.92,140 000,1 571,289,346,3.06,81.87,57.2
Забайкальский край,169 946,16.13,35.83,137 410,1 093,326,278,8.06,80.86,45.01
Приморский край,163 624,8.71,25.71,118 672,2 145,361,220,8.06,72.53,33.87
Липецкая обл.,153 000,13.56,28.0,128 800,2 514,164,157,8.06,84.18,48.44
Курская обл.,145 520,13.27,27.25,122 846,963,418,403,8.06,84.42,48.7
Мордовия,144 081,18.5,30.06,116 899,1 134,216,296,8.06,81.13,61.54
Ульяновская обл.,142 895,11.73,30.66,109 416,1 532,304,211,8.06,76.57,38.25
Брянская обл.,140 394,11.87,24.76,48 000,1 364,331,313,8.06,34.19,47.94
Тверская обл.,140 050,11.24,23.54,104 994,869,556,524,8.06,74.97,47.75
Пензенская обл.,138 341,10.72,21.73,113 275,1 238,410,403,3.06,81.88,49.34
Ивановская обл.,136 984,13.88,31.76,115 522,699,510,421,8.06,84.33,43.7
Астраханская обл.,133 831,13.41,31.49,101 773,1 231,297,237,8.06,76.05,42.59
Тамбовская обл.,133 408,13.42,26.93,103 046,1 293,281,280,7.06,77.24,49.84
Ярославская обл.,130 961,10.55,21.59,106 904,1 980,247,240,7.06,81.63,48.86
Бурятия,126 000,12.79,30.0,80 000,1 286,285,229,2.06,63.49,42.63
Архангельская обл.,125 299,11.57,27.71,99 966,981,424,333,7.06,79.78,41.76
Калининградская обл.,125 287,12.3,33.41,100 040,755,509,331,8.06,79.85,36.82
Удмуртия,125 287,8.39,27.84,99 457,1 237,502,263,7.06,79.38,30.13
Хабаровский край,124 198,9.55,20.26,94 674,2 457,214,199,8.06,76.23,47.14
Вологодская обл.,124 000,10.77,22.92,96 000,1 286,351,324,8.06,77.42,46.99
Чувашия,122 000,10.1,20.75,92 000,2 143,225,217,8.06,75.41,48.68
Чечня,113 000,7.54,20.0,60 000,5 143,124,88,8.06,53.1,37.7
Томская обл.,111 479,10.42,22.38,81 334,1 338,317,289,4.06,72.96,46.56
Владимирская обл.,108 846,8.11,18.14,90 802,909,618,540,4.06,83.42,44.71
Калужская обл.,106 500,10.64,21.88,84 457,1 053,374,361,7.06,79.3,48.63
Курганская обл.,106 066,12.96,27.23,77 176,1 925,158,147,4.06,72.76,47.6
Амурская обл.,106 000,13.56,29.22,86 000,1 113,256,231,4.06,81.13,46.41
Рязанская обл.,105 000,9.56,19.4,87 718,714,622,611,4.06,83.54,49.28
Коми,103 062,12.67,27.19,63 585,2 009,151,137,4.06,61.7,46.59
Дагестан,100 821,3.22,12.9,19 949,705,2 079,966,8.06,19.79,24.97
Мурманская обл.,97 500,13.3,28.0,80 000,700,384,358,8.06,82.05,47.5
Смоленская обл.,91 584,9.94,19.77,73 014,739,499,503,8.06,79.72,50.27
Ямало-Ненецкий АО,88 352,16.15,36.21,72 000,792,234,197,8.06,81.49,44.6
Карелия,84 893,13.94,29.21,69 646,1 044,210,197,8.06,82.04,47.72
Орловская обл.,80 873,11.16,22.75,64 705,396,711,694,8.06,80.01,49.06
Сахалинская обл.,79 840,16.44,34.22,67 909,453,360,339,8.06,85.06,48.05
Костромская обл.,73 676,11.72,24.38,59 600,468,514,488,8.06,80.89,48.07
Новгородская обл.,71 592,12.08,24.92,57 696,753,298,286,8.06,80.59,48.48
Севастополь,68 222,13.38,31.15,56 059,418,447,361,8.06,82.17,42.95
Псковская обл.,62 200,10.03,20.34,50 100,629,394,387,7.06,80.55,49.31
Хакасия,61 845,11.62,25.56,48 146,633,323,285,8.06,77.85,45.47
Марий Эл,61 559,9.12,19.41,49 907,427,647,599,8.06,81.07,46.99
Карачаево-Черкесия,50 402,10.83,23.33,36 476,418,436,396,8.06,72.37,46.41
Тыва,50 080,15.16,40.39,36 077,433,266,171,4.06,72.04,37.54
Северная Осетия,45 555,6.57,14.24,33 443,760,396,361,2.06,73.41,46.12
Ингушетия,45 314,8.79,21.65,31 531,1 945,109,84,3.06,69.58,40.61
Кабардино-Балкария,39 906,4.59,10.05,29 424,558,707,640,7.06,73.73,45.65
Камчатский край,35 115,11.27,23.73,30 401,176,686,641,8.06,86.58,47.5
Калмыкия,34 685,12.85,28.2,25 443,669,150,132,15.05,73.35,45.57
Адыгея,30 443,6.57,15.85,22 000,492,409,329,1.06,72.27,41.46
Алтай,29 334,13.28,34.98,22 211,410,198,133,7.06,75.72,37.97
Магаданская обл.,23 351,16.8,55.6,20 512,0,-,,8.06,87.84,30.22
Еврейская АО,14 500,9.27,20.11,11 000,214,298,269,2.06,75.86,46.09
Чукотский АО,13 491,27.24,59.68,11 120,99,114,92,8.06,82.43,45.64
Ненецкий АО,9 074,20.44,47.07,7 294,225,58,45,7.06,80.38,43.42
