регион,"привито, чел.",% от насе-ления,"привито двумя комп., чел.","новых привитых, чел./день",дней до вакц. 50% нас.,обнов-лено,источник,"прогноз приви-тых, чел. *"
Москва,1 000 000,7.9,820 000,0,-,15.04,перейти,1 000 000
Московская обл.,708 000,9.18,340 938,15 429,204,19.04,перейти,723 429
Санкт-Петербург,506 000,9.4,355 000,6 042,362,20.04,перейти,506 000
Краснодарский край,311 900,5.49,175 000,8 575,295,16.04,перейти,346 200
Свердловская обл.,275 000,6.41,174 000,4 714,397,16.04,перейти,293 856
Ростовская обл.,253 250,6.06,120 027,7 049,261,20.04,перейти,253 250
Самарская обл.,251 000,7.96,155 000,4 571,290,19.04,перейти,255 571
Нижегородская обл.,224 548,7.07,129 169,6 544,208,17.04,перейти,244 180
Башкортостан,214 221,5.34,124 196,4 470,401,20.04,перейти,214 221
Татарстан,204 896,5.26,122 083,3 783,461,20.04,перейти,204 896
Воронежская обл.,193 000,8.37,121 000,3 143,305,19.04,перейти,196 143
Белгородская обл.,183 450,11.9,109 509,3 832,153,20.04,перейти,183 450
Челябинская обл.,180 000,5.23,114 580,2 857,540,19.04,перейти,182 857
Волгоградская обл.,177 600,7.18,75 000,5 371,197,20.04,перейти,177 600
Красноярский край,171 230,6.0,120 120,3 033,414,20.04,перейти,171 230
Новосибирская обл.,169 551,6.09,97 989,3 862,317,20.04,перейти,169 551
Ставропольский край,164 781,5.9,94 647,3 740,329,20.04,перейти,164 781
Алтайский край,154 476,6.73,83 316,3 564,279,20.04,перейти,154 476
Саратовская обл.,150 013,6.26,96 487,3 038,345,20.04,перейти,150 013
Кемеровская обл.,147 380,5.6,93 839,3 911,299,15.04,перейти,166 935
Иркутская обл.,145 551,6.13,87 505,3 018,345,20.04,перейти,145 551
Пермский край,142 369,5.52,78 424,3 886,295,20.04,перейти,142 369
Оренбургская обл.,137 000,7.05,12 905,4 651,179,20.04,перейти,137 000
Омская обл.,132 165,6.94,66 976,3 337,246,20.04,перейти,132 165
Тульская обл.,121 268,8.37,74 805,3 610,167,19.04,перейти,124 878
Ленинградская обл.,115 072,6.08,65 185,2 582,322,20.04,перейти,115 072
Ханты-Мансийский АО,105 605,6.26,59 891,2 395,308,20.04,перейти,105 605
Липецкая обл.,104 000,9.22,62 900,2 329,198,19.04,перейти,106 329
Кировская обл.,104 000,8.32,48 000,1 341,389,19.04,перейти,105 341
Тверская обл.,99 348,7.98,15 000,1 158,452,20.04,перейти,99 348
Забайкальский край,98 250,9.33,53 298,1 927,222,20.04,перейти,98 250
Ивановская обл.,96 477,9.77,61 772,1 458,272,20.04,перейти,96 477
Брянская обл.,96 416,8.15,48 000,1 940,255,19.04,перейти,98 356
Саха,95 617,9.74,54 728,2 257,175,20.04,перейти,95 617
Курская обл.,94 013,8.57,61 810,1 288,353,20.04,перейти,94 013
Тюменская обл.,93 901,6.08,52 852,3 288,206,18.04,перейти,100 477
Крым,92 633,4.87,61 430,2 340,367,13.04,перейти,109 013
Мордовия,90 595,11.63,51 228,1 879,159,20.04,перейти,90 595
Пензенская обл.,88 563,6.86,43 384,2 737,203,19.04,перейти,91 300
Приморский край,84 234,4.49,54 389,1 457,587,18.04,перейти,87 148
Ульяновская обл.,82 560,6.78,48 117,1 936,272,19.04,перейти,84 496
Тамбовская обл.,82 354,8.28,53 839,1 290,322,20.04,перейти,82 354
Ярославская обл.,78 000,6.28,52 000,2 262,240,15.04,перейти,89 310
Удмуртия,72 108,4.83,42 667,2 077,325,19.04,перейти,74 185
Астраханская обл.,71 909,7.21,40 516,1 528,279,20.04,перейти,71 909
Владимирская обл.,71 000,5.29,49 000,1 571,382,17.04,перейти,75 713
Амурская обл.,70 400,9.0,45 977,1 357,236,19.04,перейти,71 757
Калужская обл.,65 627,6.56,42 541,804,541,19.04,перейти,66 431
Бурятия,65 573,6.65,42 364,1 871,228,20.04,перейти,65 573
Хабаровский край,65 000,5.0,39 721,1 068,548,20.04,перейти,65 000
Вологодская обл.,63 000,5.47,35 540,2 050,250,20.04,перейти,63 000
Рязанская обл.,61 311,5.58,40 000,1 193,409,16.04,перейти,66 083
Томская обл.,61 151,5.71,36 955,1 753,270,20.04,перейти,61 151
Калининградская обл.,60 505,5.94,33 130,2 558,175,13.04,перейти,78 411
Архангельская обл.,60 000,5.54,40 000,1 143,421,16.04,перейти,64 572
Чувашия,59 443,4.92,36 884,1 492,365,19.04,перейти,60 935
Карелия,55 425,9.1,33 866,1 099,227,20.04,перейти,55 425
Смоленская обл.,54 000,5.86,26 595,2 643,154,19.04,перейти,56 643
Дагестан,53 101,1.69,19 949,1 085,1 395,20.04,перейти,53 101
Сахалинская обл.,53 048,10.92,36 572,764,248,20.04,перейти,53 048
Коми,49 953,6.14,29 011,1 708,209,19.04,перейти,51 661
Курганская обл.,48 438,5.92,30 482,1 344,268,14.04,перейти,56 502
Орловская обл.,48 142,6.64,32 490,1 057,297,15.04,перейти,53 427
Мурманская обл.,46 000,6.28,29 000,857,374,19.04,перейти,46 857
Чечня,44 000,2.94,25 498,1 228,574,14.04,перейти,51 368
Костромская обл.,43 977,7.0,30 785,1 282,211,13.04,перейти,52 951
Новгородская обл.,41 988,7.09,24 154,877,290,19.04,перейти,42 865
Ямало-Ненецкий АО,41 000,7.5,28 000,857,271,17.04,перейти,43 571
Марий Эл,38 269,5.67,21 054,994,301,19.04,перейти,39 263
Псковская обл.,38 000,6.13,23 800,1 000,272,19.04,перейти,39 000
Севастополь,37 779,7.41,19 439,1 523,143,20.04,перейти,37 779
Хакасия,35 951,6.76,20 902,801,287,20.04,перейти,35 951
Калмыкия,27 000,10.0,7 000,1 000,108,16.04,перейти,31 000
Тыва,26 687,8.08,11 653,688,201,19.04,перейти,27 375
Северная Осетия,26 000,3.75,15 000,415,772,20.04,перейти,26 000
Кабардино-Балкария,23 383,2.69,14 334,483,851,20.04,перейти,23 383
Ингушетия,21 851,4.24,14 057,812,291,19.04,перейти,22 663
Карачаево-Черкесия,20 115,4.32,10 559,693,307,17.04,перейти,22 194
Камчатский край,19 287,6.19,14 735,382,357,14.04,перейти,21 579
Адыгея,17 720,3.83,12 095,139,1 539,15.04,перейти,18 415
Алтай,16 086,7.28,8 988,422,224,19.04,перейти,16 508
Магаданская обл.,14 455,10.4,9 069,338,163,20.04,перейти,14 455
Еврейская АО,8 846,5.65,6 394,140,496,19.04,перейти,8 986
Чукотский АО,8 503,17.17,5 810,126,129,19.04,перейти,8 629
Ненецкий АО,5 000,11.26,3 454,54,318,19.04,перейти,5 054
