регион,"привито, чел.",% от насе-ления,"привито двумя комп., чел.","новых привитых, чел./день",дней до вакц. 50% нас.,обнов-лено,источник,"прогноз приви-тых, чел. *","2 комп./1 комп., %"
Москва,1 300 000,10.27,820 000,42 857,117,20.05,перейти,1 300 000,63.08
Московская обл.,900 000,11.68,340 938,10 000,295,11.05,перейти,990 000,37.88
Санкт-Петербург,632 212,11.74,533 174,5 058,407,19.05,перейти,637 270,84.33
Краснодарский край,505 827,8.9,210 680,7 690,304,20.05,перейти,505 827,41.65
Свердловская обл.,428 532,9.99,335 000,5 791,296,17.05,перейти,445 905,78.17
Ростовская обл.,393 311,9.41,293 299,6 428,264,20.05,перейти,393 311,74.57
Самарская обл.,349 000,11.06,273 000,2 714,452,18.05,перейти,354 428,78.22
Нижегородская обл.,317 000,9.98,252 000,3 286,387,19.05,перейти,320 286,79.5
Башкортостан,315 500,7.86,231 287,3 235,523,18.05,перейти,321 970,73.31
Татарстан,308 977,7.93,224 689,3 731,439,20.05,перейти,308 977,72.72
Белгородская обл.,267 470,17.35,202 715,3 388,149,20.05,перейти,267 470,75.79
Воронежская обл.,256 691,11.13,242 000,3 027,296,19.05,перейти,259 718,94.28
Красноярский край,253 932,8.89,191 109,2 999,391,18.05,перейти,259 930,75.26
Новосибирская обл.,253 000,9.08,178 000,2 696,423,14.05,перейти,269 176,70.36
Челябинская обл.,251 000,7.29,215 835,0,-,19.05,перейти,251 000,85.99
Волгоградская обл.,239 000,9.66,176 000,1 571,635,15.05,перейти,246 855,73.64
Иркутская обл.,238 710,10.05,171 577,3 099,306,20.05,перейти,238 710,71.88
Ставропольский край,235 186,8.42,183 256,2 884,403,20.05,перейти,235 186,77.92
Алтайский край,225 120,9.8,179 823,2 375,389,20.05,перейти,225 120,79.88
Кемеровская обл.,222 300,8.44,167 200,1 329,823,20.05,перейти,222 300,75.21
Саратовская обл.,222 145,9.27,173 004,1 122,869,20.05,перейти,222 145,77.88
Пермский край,210 528,8.16,165 331,2 672,404,20.05,перейти,210 528,78.53
Оренбургская обл.,208 740,10.74,12 905,2 534,301,20.05,перейти,208 740,6.18
Ханты-Мансийский АО,194 830,11.54,130 955,3 448,188,18.05,перейти,201 726,67.22
Омская обл.,192 013,10.09,151 353,1 723,441,20.05,перейти,192 013,78.82
Крым,187 367,9.85,133 690,1 886,405,19.05,перейти,189 253,71.35
Тюменская обл.,179 686,11.64,109 387,5 660,105,18.05,перейти,191 006,60.88
Ленинградская обл.,166 335,8.79,130 456,1 732,450,20.05,перейти,166 335,78.43
Тульская обл.,161 316,11.13,131 636,1 331,423,18.05,перейти,163 978,81.6
Забайкальский край,151 832,14.41,113 752,2 064,182,20.05,перейти,151 832,74.92
Кировская обл.,151 000,12.08,123 000,1 154,411,20.05,перейти,151 000,81.46
Липецкая обл.,135 400,12.0,116 200,1 486,288,20.05,перейти,135 400,85.82
Саха,132 560,13.5,100 010,2 518,142,20.05,перейти,132 560,75.45
Приморский край,131 307,6.99,96 764,2 439,331,20.05,перейти,131 307,73.69
Курская обл.,128 228,11.69,108 941,1 110,378,20.05,перейти,128 228,84.96
Тверская обл.,123 361,9.9,104 994,809,617,20.05,перейти,123 361,85.11
Мордовия,122 590,15.74,100 911,1 351,198,20.05,перейти,122 590,82.32
Ивановская обл.,122 258,12.39,102 864,806,461,20.05,перейти,122 258,84.14
Пензенская обл.,119 025,9.22,100 522,1 452,363,18.05,перейти,121 929,84.45
Ярославская обл.,113 425,9.14,92 728,775,655,20.05,перейти,113 425,81.75
Брянская обл.,113 400,9.59,48 000,914,523,14.05,перейти,118 884,42.33
Ульяновская обл.,112 602,9.24,89 897,1 609,309,17.05,перейти,117 429,79.84
Тамбовская обл.,112 268,11.29,87 991,1 250,308,20.05,перейти,112 268,78.38
Астраханская обл.,108 479,10.87,83 108,1 442,271,20.05,перейти,108 479,76.61
Архангельская обл.,107 310,9.91,81 718,1 219,356,20.05,перейти,107 310,76.15
Удмуртия,106 587,7.14,82 291,639,1 002,20.05,перейти,106 587,77.21
Калининградская обл.,103 000,10.11,80 000,1 101,369,19.05,перейти,104 101,77.67
Бурятия,101 831,10.33,68 476,2 833,138,14.05,перейти,118 829,67.24
Вологодская обл.,100 000,8.69,74 000,1 286,370,19.05,перейти,101 286,74.0
Хабаровский край,100 000,7.69,60 000,1 705,323,18.05,перейти,103 410,60.0
Владимирская обл.,96 000,7.15,80 000,776,741,19.05,перейти,96 776,83.33
Чувашия,93 000,7.7,69 000,1 714,298,18.05,перейти,96 428,74.19
Амурская обл.,92 094,11.78,74 702,883,338,19.05,перейти,92 977,81.11
Томская обл.,91 607,8.56,67 633,1 639,271,19.05,перейти,93 246,73.83
Рязанская обл.,91 460,8.33,75 590,637,718,19.05,перейти,92 097,82.65
Калужская обл.,87 613,8.75,72 683,802,515,20.05,перейти,87 613,82.96
Коми,86 980,10.69,63 585,924,346,19.05,перейти,87 904,73.1
Курганская обл.,81 500,9.96,60 000,1 500,219,17.05,перейти,86 000,73.62
Дагестан,81 315,2.6,19 949,847,1 754,19.05,перейти,82 162,24.53
Мурманская обл.,81 000,11.05,57 511,2 286,125,17.05,перейти,87 858,71.0
Смоленская обл.,76 293,8.28,63 019,892,431,20.05,перейти,76 293,82.6
Ямало-Ненецкий АО,74 000,13.53,56 000,827,241,19.05,перейти,74 827,75.68
Карелия,72 373,11.88,58 222,599,388,18.05,перейти,73 571,80.45
Сахалинская обл.,70 748,14.57,58 906,567,303,20.05,перейти,70 748,83.26
Орловская обл.,70 033,9.66,58 120,520,562,20.05,перейти,70 033,82.99
Чечня,67 000,4.47,45 000,482,1 415,20.05,перейти,67 000,67.16
Костромская обл.,64 869,10.32,43 981,445,560,20.05,перейти,64 869,67.8
Новгородская обл.,60 799,10.26,47 454,805,292,20.05,перейти,60 799,78.05
Севастополь,58 997,11.57,47 273,555,353,20.05,перейти,58 997,80.13
Псковская обл.,52 800,8.51,42 200,643,400,19.05,перейти,53 443,79.92
Хакасия,51 727,9.72,41 232,569,377,20.05,перейти,51 727,79.71
Марий Эл,51 089,7.57,40 648,441,650,14.05,перейти,53 735,79.56
Тыва,44 781,13.55,30 017,584,206,18.05,перейти,45 949,67.03
Карачаево-Черкесия,39 056,8.39,24 797,781,248,20.05,перейти,39 056,63.49
Северная Осетия,38 077,5.49,27 321,951,324,17.05,перейти,40 930,71.75
Калмыкия,34 685,12.85,25 443,669,150,15.05,перейти,38 030,73.35
Камчатский край,32 119,10.31,26 348,256,483,20.05,перейти,32 119,82.03
Ингушетия,31 698,6.15,23 300,957,236,17.05,перейти,34 569,73.51
Кабардино-Балкария,30 536,3.51,24 100,226,1 788,18.05,перейти,30 988,78.92
Алтай,24 512,11.09,19 180,283,304,20.05,перейти,24 512,78.25
Адыгея,22 943,4.95,15 500,284,735,15.05,перейти,24 363,67.56
Магаданская обл.,21 426,15.41,16 012,172,280,20.05,перейти,21 426,74.73
Еврейская АО,12 000,7.67,9 000,286,232,18.05,перейти,12 572,75.0
Чукотский АО,11 280,22.78,8 878,140,96,17.05,перейти,11 700,78.71
Ненецкий АО,7 500,16.9,5 600,78,188,20.05,перейти,7 500,74.67
