регион,"привито, чел.",% от насе-ления,% от плана ***,"привито двумя комп., чел.","новых привитых, чел./день",дней до вакц. 50% нас.,дней до вып. плана,обнов-лено,"2 комп./1 комп., %","план, % от нас."
Москва,1 800 000,14.22,28.54,1 300 000,14 286,317,315,16.06,72.22,49.83
Московская обл.,1 171 691,15.2,29.29,1 000 000,12 623,213,224,6.06,85.35,51.89
Санкт-Петербург,756 657,14.05,63.05,634 130,4 128,469,107,15.06,83.81,22.28
Краснодарский край,700 000,12.32,25.93,500 000,16 429,130,122,11.06,71.43,47.52
Свердловская обл.,524 000,12.21,34.93,435 000,3 090,525,316,16.06,83.02,34.95
Ростовская обл.,511 401,12.23,30.08,413 157,4 415,358,269,16.06,80.79,40.65
Самарская обл.,440 000,13.95,29.33,360 000,2 143,531,495,15.06,81.82,47.56
Татарстан,433 950,11.14,23.46,302 658,3 627,417,390,16.06,69.74,47.49
Башкортостан,406 158,10.12,20.31,331 079,1 982,808,804,16.06,81.51,49.83
Нижегородская обл.,398 000,12.53,26.06,321 000,3 357,355,336,15.06,80.65,48.07
Белгородская обл.,366 118,23.75,48.82,269 184,3 440,118,112,16.06,73.52,48.65
Новосибирская обл.,349 118,12.53,26.86,276 173,2 496,418,381,15.06,79.11,46.66
Волгоградская обл.,337 000,13.62,48.14,260 000,3 143,286,115,15.06,77.15,28.29
Челябинская обл.,326 699,9.49,20.42,285 178,2 967,470,429,16.06,87.29,46.48
Воронежская обл.,315 000,13.66,26.76,256 000,2 489,337,346,10.06,81.27,51.04
Красноярский край,313 000,10.96,24.08,250 000,2 461,453,401,11.06,79.87,45.52
Иркутская обл.,301 321,12.69,30.13,238 000,1 796,493,389,16.06,78.99,42.11
Ставропольский край,287 968,10.31,22.15,234 769,1 540,720,657,15.06,81.53,46.54
Саратовская обл.,283 266,11.83,23.53,227 492,2 815,325,327,15.06,80.31,50.28
Ханты-Мансийский АО,277 891,16.47,37.05,212 044,2 016,281,234,15.06,76.3,44.45
Алтайский край,277 318,12.08,14.91,230 874,1 561,558,1 014,16.06,83.25,81.02
Пермский край,266 751,10.34,22.23,216 820,1 515,675,616,16.06,81.28,46.52
Крым,265 850,13.98,23.3,198 895,1 958,350,447,16.06,74.81,60.0
Кемеровская обл.,264 000,10.02,21.36,167 200,571,1 844,1 702,31.05,63.33,46.91
Оренбургская обл.,256 000,13.18,28.59,205 642,1 838,389,348,15.06,80.33,46.11
Тюменская обл.,250 711,16.24,35.82,173 933,3 256,160,138,10.06,69.38,45.34
Омская обл.,237 356,12.47,26.11,197 812,1 420,503,473,16.06,83.34,47.76
Тульская обл.,206 935,14.28,28.51,166 250,1 367,379,380,15.06,80.34,50.09
Ленинградская обл.,199 828,10.56,26.64,153 052,1 550,482,355,10.06,76.59,39.63
Саха,186 625,19.01,26.85,140 170,827,368,615,16.06,75.11,70.81
Кировская обл.,181 189,14.49,25.34,149 222,1 289,344,414,11.06,82.36,57.18
Забайкальский край,175 379,16.65,36.98,148 626,560,627,534,16.06,84.75,45.02
Приморский край,173 627,9.25,27.28,118 672,1 429,536,324,15.06,68.35,33.9
Липецкая обл.,160 000,14.18,29.28,135 000,1 000,404,387,15.06,84.38,48.43
Пензенская обл.,153 982,11.93,24.19,126 189,1 488,330,324,16.06,81.95,49.33
Курская обл.,150 632,13.74,28.21,129 273,812,490,472,15.06,85.82,48.71
Мордовия,150 148,19.28,31.33,125 018,867,276,380,15.06,83.26,61.55
Ульяновская обл.,149 864,12.3,32.16,115 468,996,461,317,15.06,77.05,38.25
Брянская обл.,148 500,12.56,26.19,48 000,982,451,426,16.06,32.32,47.96
Бурятия,146 445,14.86,33.94,107 259,869,398,328,16.06,73.24,43.78
Тверская обл.,144 923,11.63,24.36,104 994,696,687,647,15.06,72.45,47.75
Астраханская обл.,142 175,14.25,33.45,112 619,958,372,295,16.06,79.21,42.6
Ивановская обл.,141 909,14.38,32.91,122 506,583,603,496,16.06,86.33,43.7
Тамбовская обл.,141 870,14.27,28.64,112 130,1 050,338,337,16.06,79.04,49.83
Удмуртия,141 519,9.48,31.45,108 994,2 165,280,142,16.06,77.02,30.14
Ярославская обл.,136 463,10.99,22.5,115 000,642,754,732,15.06,84.27,48.85
Калининградская обл.,131 097,12.87,34.96,107 223,726,521,336,16.06,81.79,36.81
Архангельская обл.,130 790,12.08,28.92,108 345,605,679,531,15.06,82.84,41.77
Хабаровский край,129 700,9.97,21.16,94 674,786,663,615,15.06,72.99,47.12
Вологодская обл.,129 000,11.21,23.84,97 817,623,717,661,16.06,75.83,47.01
Чувашия,127 900,10.59,21.75,93 419,843,565,546,15.06,73.04,48.69
Чечня,126 000,8.41,22.3,60 000,1 625,383,270,16.06,47.62,37.71
Курганская обл.,118 400,14.46,30.39,92 500,1 028,283,264,16.06,78.13,47.57
Томская обл.,118 315,11.05,23.75,90 821,1 274,327,298,9.06,76.76,46.53
Рязанская обл.,117 000,10.65,21.62,87 718,603,717,704,15.06,74.97,49.27
Владимирская обл.,112 830,8.41,18.81,93 893,670,833,727,10.06,83.22,44.72
Дагестан,112 629,3.59,8.34,19 949,1 687,862,733,15.06,17.71,43.03
Амурская обл.,112 544,14.39,31.02,94 064,697,399,359,15.06,83.58,46.38
Калужская обл.,112 426,11.23,23.05,84 457,741,524,506,15.06,75.12,48.71
Коми,110 768,13.61,29.23,84 524,678,437,396,16.06,76.31,46.57
Мурманская обл.,100 000,13.65,28.72,80 000,357,746,695,15.06,80.0,47.53
Смоленская обл.,96 147,10.44,20.76,78 570,652,559,563,15.06,81.72,50.3
Ямало-Ненецкий АО,91 000,16.64,37.3,76 000,378,483,405,15.06,83.52,44.62
Карелия,88 000,14.45,30.28,69 646,400,541,507,16.06,79.14,47.72
Сахалинская обл.,83 810,17.26,35.92,72 169,471,338,317,16.06,86.11,48.05
Орловская обл.,82 269,11.35,23.14,68 948,495,566,552,10.06,83.81,49.05
Костромская обл.,75 849,12.07,25.1,64 021,310,769,730,15.06,84.41,48.09
Новгородская обл.,74 657,12.6,25.98,61 022,438,506,486,15.06,81.74,48.49
Севастополь,70 548,13.83,32.21,59 225,332,556,447,15.06,83.95,42.93
Хакасия,65 869,12.38,27.22,52 708,467,429,377,16.06,80.02,45.48
Псковская обл.,65 300,10.53,21.36,53 900,329,744,731,16.06,82.54,49.31
Марий Эл,64 471,9.55,20.33,52 402,311,878,813,16.06,81.28,46.98
Тыва,55 200,16.71,44.41,43 500,371,296,186,15.06,78.8,37.62
Северная Осетия,51 535,7.44,16.11,40 903,303,974,885,16.06,79.37,46.17
Карачаево-Черкесия,50 402,10.83,23.33,41 475,612,298,271,16.06,82.29,46.41
Ингушетия,47 580,9.23,22.73,31 531,438,480,369,9.06,66.27,40.61
Кабардино-Балкария,43 534,5.01,10.97,32 319,605,646,584,13.06,74.24,45.68
Калмыкия,39 000,14.45,31.71,34 000,219,438,384,12.06,87.18,45.57
Камчатский край,35 918,11.52,24.27,31 584,87,1 378,1 288,16.06,87.93,47.47
Адыгея,35 303,7.62,18.38,25 000,347,566,452,15.06,70.82,41.46
Алтай,32 795,14.84,39.1,25 890,420,185,122,16.06,78.94,37.95
Магаданская обл.,25 170,18.1,59.93,21 814,182,244,92,16.06,86.67,30.2
Еврейская АО,16 947,10.83,23.5,12 138,222,276,248,13.06,71.62,46.08
Чукотский АО,13 491,27.24,59.68,11 120,86,131,106,8.06,82.43,45.64
Ненецкий АО,9 074,20.44,47.07,7 294,92,143,111,7.06,80.38,43.42
