регион,"привито, чел.",% от насе-ления,% от плана ***,"привито двумя комп., чел.","новых привитых, чел./день",дней до вакц. 50% нас.,обнов-лено,источник,"прогноз приви-тых, чел. *","2 комп./1 комп., %"
Москва,1 500 000,11.85,,1 300 000,14 286,338,26.05,перейти,1 500 000,86.67
Московская обл.,1 040 000,13.49,26.0,340 938,20 000,141,24.05,перейти,1 080 000,32.78
Санкт-Петербург,665 943,12.37,55.5,559 976,4 819,420,26.05,перейти,665 943,84.09
Краснодарский край,505 827,8.9,18.73,210 680,7 690,304,20.05,перейти,551 967,41.65
Свердловская обл.,441 678,10.3,,370 000,1 878,907,26.05,перейти,441 678,83.77
Ростовская обл.,424 493,10.15,24.97,316 425,5 423,307,26.05,перейти,424 493,74.54
Самарская обл.,375 000,11.89,25.0,300 000,6 000,200,24.05,перейти,387 000,80.0
Башкортостан,347 906,8.67,,260 532,4 629,358,26.05,перейти,347 906,74.89
Татарстан,335 736,8.62,18.15,242 451,4 732,341,26.05,перейти,335 736,72.21
Нижегородская обл.,332 500,10.47,33.25,275 000,2 857,440,25.05,перейти,335 357,82.71
Новосибирская обл.,290 097,10.41,22.32,213 160,5 300,208,25.05,перейти,295 397,73.48
Челябинская обл.,287 489,8.35,,230 598,5 213,275,26.05,перейти,287 489,80.21
Белгородская обл.,285 003,18.49,38.0,213 711,3 140,155,26.05,перейти,285 003,74.99
Волгоградская обл.,281 000,11.36,,217 994,6 000,159,26.05,перейти,281 000,77.58
Воронежская обл.,272 500,11.82,,226 000,3 237,272,25.05,перейти,275 737,82.94
Кемеровская обл.,260 000,9.87,21.04,167 200,6 670,158,24.05,перейти,273 340,64.31
Иркутская обл.,255 500,10.76,,185 000,2 951,316,26.05,перейти,255 500,72.41
Красноярский край,253 932,8.89,19.53,191 109,2 999,391,18.05,перейти,277 924,75.26
Ставропольский край,248 000,8.88,,193 000,2 339,491,26.05,перейти,248 000,77.82
Алтайский край,238 597,10.39,21.69,191 775,2 363,385,26.05,перейти,238 597,80.38
Саратовская обл.,226 926,9.47,18.85,183 818,1 267,766,26.05,перейти,226 926,81.0
Пермский край,224 025,8.69,,173 683,2 526,422,26.05,перейти,224 025,77.53
Ханты-Мансийский АО,222 360,13.18,29.65,152 164,3 933,158,25.05,перейти,226 293,68.43
Оренбургская обл.,215 433,11.09,23.42,12 905,2 205,343,24.05,перейти,219 843,5.99
Крым,210 316,11.06,18.43,159 239,3 278,226,26.05,перейти,210 316,75.71
Омская обл.,203 192,10.67,22.35,161 653,1 971,380,26.05,перейти,203 192,79.56
Тюменская обл.,179 686,11.64,,129 000,1 599,370,21.05,перейти,187 681,71.79
Ленинградская обл.,174 576,9.22,11.16,137 176,2 202,350,25.05,перейти,176 778,78.58
Тульская обл.,170 000,11.73,29.85,140 000,2 571,216,24.05,перейти,175 142,82.35
Кировская обл.,160 000,12.8,,123 000,1 286,362,26.05,перейти,160 000,76.88
Забайкальский край,158 364,15.03,33.39,118 705,1 293,285,26.05,перейти,158 364,74.96
Саха,148 831,15.16,,105 707,2 904,118,26.05,перейти,148 831,71.02
Приморский край,140 000,7.46,22.0,98 000,2 333,342,26.05,перейти,140 000,70.0
Липецкая обл.,135 400,12.0,,116 200,1 486,288,20.05,перейти,144 316,85.82
Курская обл.,133 496,12.17,23.42,112 753,1 004,413,26.05,перейти,133 496,84.46
Мордовия,129 612,16.64,27.04,105 317,1 295,201,26.05,перейти,129 612,81.26
Тверская обл.,128 506,10.32,,104 994,908,544,26.05,перейти,128 506,81.7
Ивановская обл.,127 683,12.94,,107 247,865,423,26.05,перейти,127 683,83.99
Брянская обл.,126 389,10.69,22.29,48 000,1 856,251,25.05,перейти,128 245,37.98
Пензенская обл.,125 700,9.74,19.74,107 599,1 812,287,24.05,перейти,129 324,85.6
Ульяновская обл.,122 464,10.05,24.49,96 832,1 409,345,24.05,перейти,125 282,79.07
Тамбовская обл.,119 006,11.97,24.02,92 343,1 203,314,26.05,перейти,119 006,77.6
Ярославская обл.,117 104,9.43,,96 619,1 121,449,24.05,перейти,119 346,82.51
Астраханская обл.,116 807,11.71,27.48,87 405,1 493,256,26.05,перейти,116 807,74.83
Удмуртия,113 612,7.61,,87 088,1 147,552,26.05,перейти,113 612,76.65
Архангельская обл.,113 314,10.47,25.06,88 612,1 104,388,26.05,перейти,113 314,78.2
Калининградская обл.,110 317,10.83,29.42,86 629,1 045,382,26.05,перейти,110 317,78.53
Вологодская обл.,107 000,9.3,20.33,80 000,1 302,360,24.05,перейти,109 604,74.77
Хабаровский край,107 000,8.22,,70 000,1 500,362,24.05,перейти,110 000,65.42
Чувашия,103 113,8.54,17.5,75 440,1 445,347,25.05,перейти,104 558,73.16
Владимирская обл.,102 480,7.64,17.08,84 000,926,614,26.05,перейти,102 480,81.97
Томская обл.,102 114,9.54,20.5,72 784,1 501,289,26.05,перейти,102 114,71.28
Бурятия,101 831,10.33,,68 476,2 833,138,14.05,перейти,135 827,67.24
Рязанская обл.,100 000,9.11,18.48,80 000,1 220,368,26.05,перейти,100 000,80.0
Амурская обл.,98 208,12.56,27.07,78 213,991,295,25.05,перейти,99 199,79.64
Калужская обл.,94 957,9.49,19.51,72 683,1 049,387,26.05,перейти,94 957,76.54
Курганская обл.,92 590,11.31,,68 544,1 584,200,24.05,перейти,95 758,74.03
Дагестан,90 287,2.88,11.55,19 949,1 685,876,25.05,перейти,91 972,22.1
Коми,89 000,10.94,23.48,63 585,1 212,262,21.05,перейти,95 060,71.44
Мурманская обл.,88 225,12.04,,70 800,1 032,270,26.05,перейти,88 225,80.25
Смоленская обл.,81 666,8.87,,65 675,955,397,26.05,перейти,81 666,80.42
Ямало-Ненецкий АО,78 000,14.26,31.97,61 000,851,230,24.05,перейти,79 702,78.21
Карелия,77 588,12.74,26.7,63 083,745,305,26.05,перейти,77 588,81.31
Сахалинская обл.,73 728,15.18,31.6,61 819,527,321,26.05,перейти,73 728,83.85
Орловская обл.,72 966,10.07,20.52,60 767,449,644,26.05,перейти,72 966,83.28
Чечня,72 000,4.81,12.9,45 000,1 196,566,24.05,перейти,74 392,62.5
Костромская обл.,67 358,10.72,,55 378,433,570,26.05,перейти,67 358,82.21
Новгородская обл.,63 803,10.77,,50 488,761,305,26.05,перейти,63 803,79.13
Севастополь,62 350,12.23,,50 532,569,339,26.05,перейти,62 350,81.05
Марий Эл,62 020,9.18,23.85,45 533,1 562,176,24.05,перейти,65 144,73.42
Псковская обл.,55 500,8.95,,44 600,571,446,25.05,перейти,56 071,80.36
Хакасия,54 935,10.33,22.7,42 942,603,350,26.05,перейти,54 935,78.17
Тыва,47 046,14.24,37.94,33 013,478,247,24.05,перейти,48 002,70.17
Карачаево-Черкесия,42 570,9.15,,27 661,824,231,25.05,перейти,43 394,64.98
Северная Осетия,40 234,5.8,,29 409,637,481,21.05,перейти,43 419,73.09
Калмыкия,34 685,12.85,,25 443,669,150,15.05,перейти,42 044,73.35
Кабардино-Балкария,33 118,3.81,,26 033,369,1 088,25.05,перейти,33 487,78.61
Камчатский край,32 933,10.57,,27 564,267,460,26.05,перейти,32 933,83.7
Ингушетия,31 698,6.15,,23 300,957,236,17.05,перейти,40 311,73.51
Адыгея,27 000,5.83,,15 500,580,353,24.05,перейти,28 160,57.41
Алтай,26 006,11.77,31.01,19 777,266,318,26.05,перейти,26 006,76.05
Магаданская обл.,22 318,16.05,,17 952,300,157,26.05,перейти,22 318,80.44
Еврейская АО,13 000,8.31,,9 700,143,456,26.05,перейти,13 000,74.62
Чукотский АО,12 504,25.25,55.32,9 931,175,70,26.05,перейти,12 504,79.42
Ненецкий АО,7 500,16.9,,5 600,78,188,20.05,перейти,7 968,74.67
