регион,"привито, чел.",% от насе-ления,% от плана ***,"привито двумя комп., чел.","новых привитых, чел./день",дней до вакц. 50% нас.,дней до вып. плана,обнов-лено,источник,"прогноз приви-тых, чел. *","2 комп./1 комп., %"
Москва,1 500 000,11.85,,1 300 000,14 286,338,,26.05,перейти,1 557 144,86.67
Московская обл.,1 040 000,13.49,26.0,340 938,20 000,141,148.0,24.05,перейти,1 160 000,32.78
Санкт-Петербург,687 097,12.76,57.26,573 186,4 907,409,105.0,30.05,перейти,687 097,83.42
Краснодарский край,550 548,9.69,20.39,428 231,6 389,359,336.0,28.05,перейти,563 326,77.78
Свердловская обл.,462 612,10.78,,380 913,2 991,562,,28.05,перейти,468 594,82.34
Ростовская обл.,441 332,10.55,25.96,330 707,4 235,389,297.0,30.05,перейти,441 332,74.93
Самарская обл.,375 000,11.89,25.0,300 000,6 000,200,188.0,24.05,перейти,411 000,80.0
Татарстан,356 341,9.15,19.26,243 658,4 967,320,301.0,29.05,перейти,361 308,68.38
Башкортостан,355 551,8.86,,269 318,5 722,289,,29.05,перейти,361 273,75.75
Нижегородская обл.,332 500,10.47,33.25,275 000,2 857,440,234.0,25.05,перейти,346 785,82.71
Белгородская обл.,303 119,19.67,40.42,221 882,3 425,136,130.0,30.05,перейти,303 119,73.2
Новосибирская обл.,302 708,10.87,23.29,226 416,3 287,332,303.0,28.05,перейти,309 282,74.8
Челябинская обл.,291 000,8.45,18.19,232 350,2 286,626,573.0,28.05,перейти,295 572,79.85
Волгоградская обл.,281 000,11.36,,217 994,6 000,159,,26.05,перейти,305 000,77.58
Воронежская обл.,277 000,12.01,23.53,226 000,2 901,302,310.0,27.05,перейти,285 703,81.59
Иркутская обл.,266 583,11.22,26.66,197 180,2 605,354,282.0,30.05,перейти,266 583,73.97
Кемеровская обл.,260 000,9.87,21.04,167 200,6 670,158,146.0,24.05,перейти,300 020,64.31
Ставропольский край,254 068,9.1,19.54,198 042,2 697,424,388.0,28.05,перейти,259 462,77.95
Красноярский край,253 932,8.89,19.53,191 109,2 999,391,349.0,18.05,перейти,289 920,75.26
Саратовская обл.,248 273,10.37,20.62,187 951,3 050,311,313.0,28.05,перейти,254 373,75.7
Алтайский край,248 084,10.8,22.55,198 592,2 213,407,385.0,30.05,перейти,248 084,80.05
Пермский край,235 054,9.11,,180 180,2 606,405,,30.05,перейти,235 054,76.65
Крым,224 079,11.78,19.64,166 429,5 245,139,175.0,28.05,перейти,234 569,74.27
Оренбургская обл.,223 882,11.52,25.0,12 905,2 163,346,311.0,27.05,перейти,230 371,5.76
Ханты-Мансийский АО,222 360,13.18,29.65,152 164,3 933,158,134.0,25.05,перейти,242 025,68.43
Тюменская обл.,215 429,13.96,,137 203,5 106,109,,28.05,перейти,225 641,63.69
Омская обл.,210 796,11.07,23.19,168 707,1 851,400,377.0,30.05,перейти,210 796,80.03
Ленинградская обл.,181 969,9.61,24.26,142 151,1 899,403,299.0,29.05,перейти,183 868,78.12
Тульская обл.,170 000,11.73,29.85,140 000,2 571,216,155.0,24.05,перейти,185 426,82.35
Саха,164 305,16.73,23.64,110 189,2 999,109,177.0,30.05,перейти,164 305,67.06
Забайкальский край,160 998,15.28,33.95,125 037,793,461,395.0,30.05,перейти,160 998,77.66
Кировская обл.,160 000,12.8,,123 000,1 286,362,,26.05,перейти,165 144,76.88
Приморский край,148 608,7.91,23.35,105 880,1 774,445,275.0,30.05,перейти,148 608,71.25
Курская обл.,136 133,12.42,23.88,114 584,959,430,452.0,28.05,перейти,138 051,84.17
Липецкая обл.,135 400,12.0,,120 000,0,-,,27.05,перейти,135 400,88.63
Мордовия,134 013,17.2,27.96,107 559,1 296,197,266.0,30.05,перейти,134 013,80.26
Тверская обл.,132 771,10.66,,104 994,950,516,,30.05,перейти,132 771,79.08
Ивановская обл.,130 898,13.26,,109 665,826,439,,30.05,перейти,130 898,83.78
Брянская обл.,130 847,11.06,23.08,48 000,1 121,411,389.0,28.05,перейти,133 089,36.68
Пензенская обл.,129 677,10.05,20.37,109 271,1 522,339,333.0,27.05,перейти,134 243,84.26
Ульяновская обл.,126 316,10.37,25.26,98 897,1 266,381,295.0,27.05,перейти,130 114,78.29
Тамбовская обл.,123 457,12.41,24.92,94 576,1 132,330,329.0,29.05,перейти,124 589,76.61
Астраханская обл.,123 030,12.33,28.95,92 032,1 429,263,211.0,30.05,перейти,123 030,74.8
Архангельская обл.,118 434,10.94,26.19,92 794,1 589,266,210.0,30.05,перейти,118 434,78.35
Ярославская обл.,117 104,9.43,,96 619,1 121,449,,24.05,перейти,123 830,82.51
Бурятия,117 000,11.87,,80 000,2 167,173,,24.05,перейти,130 002,68.38
Удмуртия,116 628,7.81,,89 034,1 008,625,,30.05,перейти,116 628,76.34
Вологодская обл.,114 000,9.9,20.92,85 000,2 000,231,216.0,28.05,перейти,118 000,74.56
Калининградская обл.,110 317,10.83,29.42,86 629,1 045,382,253.0,26.05,перейти,114 497,78.53
Хабаровский край,107 000,8.22,,70 000,1 500,362,,24.05,перейти,116 000,65.42
Чувашия,107 000,8.86,18.16,75 440,2 000,248,241.0,27.05,перейти,113 000,70.5
Владимирская обл.,102 480,7.64,17.08,84 000,926,614,537.0,26.05,перейти,106 184,81.97
Томская обл.,102 114,9.54,20.5,72 784,1 501,289,264.0,26.05,перейти,108 118,71.28
Рязанская обл.,100 000,9.11,18.48,80 000,1 220,368,362.0,26.05,перейти,104 880,80.0
Амурская обл.,98 208,12.56,27.07,78 213,991,295,267.0,25.05,перейти,103 163,79.64
Калужская обл.,94 957,9.49,19.51,72 683,1 049,387,373.0,27.05,перейти,98 104,76.54
Дагестан,93 095,2.97,11.91,19 949,1 006,1 465,684.0,29.05,перейти,94 101,21.43
Курганская обл.,92 590,11.31,,68 544,1 584,200,,24.05,перейти,102 094,74.03
Коми,89 000,10.94,23.48,63 585,1 212,262,239.0,21.05,перейти,99 908,71.44
Мурманская обл.,88 225,12.04,,70 800,1 032,270,,26.05,перейти,92 353,80.25
Смоленская обл.,85 448,9.28,,67 657,906,414,,30.05,перейти,85 448,79.18
Ямало-Ненецкий АО,79 500,14.53,32.58,63 000,786,247,209.0,27.05,перейти,81 858,79.25
Карелия,77 588,12.74,26.7,63 083,745,305,286.0,26.05,перейти,80 568,81.31
Чечня,77 000,5.14,13.8,45 000,1 429,470,337.0,27.05,перейти,81 287,58.44
Сахалинская обл.,75 298,15.51,32.27,64 072,503,333,314.0,30.05,перейти,75 298,85.09
Орловская обл.,74 550,10.29,20.97,61 408,645,446,436.0,28.05,перейти,75 840,82.37
Костромская обл.,68 852,10.96,,55 378,550,446,,28.05,перейти,69 952,80.43
Новгородская обл.,64 485,10.89,,51 280,527,440,,27.05,перейти,66 066,79.52
Севастополь,63 766,12.5,,51 686,582,329,,28.05,перейти,64 930,81.06
Псковская обл.,57 800,9.32,,46 300,529,477,,28.05,перейти,58 858,80.1
Марий Эл,57 238,8.48,18.05,47 180,556,504,468.0,28.05,перейти,58 350,82.43
Хакасия,56 378,10.6,23.3,44 270,572,367,325.0,28.05,перейти,57 522,78.52
Тыва,47 046,14.24,37.94,33 013,478,247,161.0,24.05,перейти,49 914,70.17
Карачаево-Черкесия,45 007,9.67,,29 907,850,221,,28.05,перейти,46 707,66.45
Северная Осетия,40 234,5.8,,29 409,637,481,,21.05,перейти,45 967,73.09
Кабардино-Балкария,36 000,4.14,,26 033,781,510,,30.05,перейти,36 000,72.31
Калмыкия,34 685,12.85,28.2,25 443,669,150,132.0,15.05,перейти,44 720,73.35
Камчатский край,33 633,10.79,22.73,28 411,191,640,599.0,28.05,перейти,34 015,84.47
Ингушетия,31 698,6.15,,23 300,957,236,,17.05,перейти,44 139,73.51
Адыгея,29 000,6.26,15.1,22 000,865,234,189.0,27.05,перейти,31 595,75.86
Алтай,26 464,11.98,31.55,19 938,279,301,206.0,27.05,перейти,27 301,75.34
Магаданская обл.,22 318,16.05,53.14,18 592,127,372,155.0,28.05,перейти,22 572,83.3
Еврейская АО,13 000,8.31,,9 700,143,456,,26.05,перейти,13 572,74.62
Чукотский АО,12 504,25.25,55.32,9 931,175,70,58.0,26.05,перейти,13 204,79.42
Ненецкий АО,7 500,16.9,,5 600,78,188,,20.05,перейти,8 280,74.67
