регион,"привито, чел.",% от насе-ления,"привито двумя комп., чел.","новых привитых, чел./день",дней до вакц. 50% нас.,обнов-лено,источник,"прогноз приви-тых, чел. *"
Москва,1 000 000,7.9,820 000,0,-,15.04,перейти,1 000 000
Московская обл.,830 000,10.77,340 938,4 286,706,4.05,перейти,847 144
Санкт-Петербург,588 223,10.92,475 310,2 772,759,8.05,перейти,588 223
Краснодарский край,420 000,7.39,210 680,1 714,1 413,8.05,перейти,420 000
Свердловская обл.,387 996,9.04,260 581,3 119,563,5.05,перейти,397 353
Ростовская обл.,331 323,7.92,217 608,2 662,661,8.05,перейти,331 323
Самарская обл.,325 000,10.3,265 000,2 429,515,8.05,перейти,325 000
Нижегородская обл.,289 500,9.11,204 000,2 357,551,7.05,перейти,291 857
Башкортостан,289 073,7.2,198 344,3 799,452,8.05,перейти,289 073
Татарстан,272 385,6.99,190 568,2 444,685,8.05,перейти,272 385
Белгородская обл.,236 731,15.36,158 767,1 257,425,8.05,перейти,236 731
Воронежская обл.,235 500,10.21,184 000,2 214,414,8.05,перейти,235 500
Новосибирская обл.,234 127,8.4,150 304,2 820,411,7.05,перейти,236 947
Волгоградская обл.,228 000,9.21,151 000,1 429,706,7.05,перейти,229 429
Красноярский край,221 354,7.75,151 801,7 161,168,6.05,перейти,235 676
Челябинская обл.,210 000,6.1,139 039,571,2 647,30.04,перейти,214 568
Ставропольский край,204 000,7.3,139 000,1 085,1 099,7.05,перейти,205 085
Алтайский край,203 419,8.86,143 969,1 516,623,8.05,перейти,203 419
Иркутская обл.,201 916,8.5,128 000,1 636,602,8.05,перейти,201 916
Кемеровская обл.,201 000,7.63,136 000,3 244,344,5.05,перейти,210 732
Саратовская обл.,190 500,7.95,129 000,1 500,671,6.05,перейти,193 500
Пермский край,184 440,7.15,130 367,1 201,920,8.05,перейти,184 440
Оренбургская обл.,175 893,9.05,12 905,3 106,256,4.05,перейти,188 317
Омская обл.,173 493,9.11,119 784,1 484,524,8.05,перейти,173 493
Крым,162 000,8.52,80 000,5 574,142,30.04,перейти,206 592
Ханты-Мансийский АО,160 000,9.48,90 990,2 668,256,6.05,перейти,165 336
Тульская обл.,148 000,10.21,107 000,2 000,288,5.05,перейти,154 000
Ленинградская обл.,147 290,7.78,103 262,2 409,332,7.05,перейти,149 699
Тюменская обл.,140 066,9.08,75 980,2 750,230,5.05,перейти,148 316
Кировская обл.,133 042,10.64,89 502,1 435,343,6.05,перейти,135 912
Забайкальский край,129 919,12.33,90 000,1 247,318,8.05,перейти,129 919
Липецкая обл.,121 200,10.74,91 400,886,500,5.05,перейти,123 858
Тверская обл.,115 462,9.27,104 994,578,878,8.05,перейти,115 462
Ивановская обл.,114 406,11.59,88 227,494,767,8.05,перейти,114 406
Курская обл.,110 481,10.08,89 667,516,848,8.05,перейти,110 481
Саха,110 474,11.25,85 756,452,842,8.05,перейти,110 474
Мордовия,109 383,14.04,81 664,716,391,8.05,перейти,109 383
Пензенская обл.,108 860,8.43,75 533,1 195,449,4.05,перейти,113 640
Приморский край,107 277,5.71,76 942,1 073,775,6.05,перейти,109 423
Брянская обл.,107 000,9.05,48 000,301,1 609,5.05,перейти,107 903
Ульяновская обл.,101 337,8.32,68 235,1 239,410,4.05,перейти,106 293
Ярославская обл.,100 000,8.06,60 817,3 143,166,30.04,перейти,125 144
Тамбовская обл.,99 366,9.99,74 154,596,668,8.05,перейти,99 366
Удмуртия,95 412,6.39,63 457,1 231,529,7.05,перейти,96 643
Астраханская обл.,94 404,9.46,67 248,925,437,8.05,перейти,94 404
Архангельская обл.,93 942,8.68,60 215,1 915,234,8.05,перейти,93 942
Калининградская обл.,88 421,8.68,56 641,917,459,4.05,перейти,92 089
Хабаровский край,88 064,6.77,59 135,1 438,391,7.05,перейти,89 502
Владимирская обл.,86 000,6.41,64 000,1 571,372,5.05,перейти,90 713
Амурская обл.,85 914,10.99,65 595,862,354,7.05,перейти,86 776
Вологодская обл.,84 000,7.3,52 000,1 235,398,5.05,перейти,87 705
Бурятия,82 000,8.32,53 000,779,527,6.05,перейти,83 558
Чувашия,81 000,6.71,55 000,1 714,305,6.05,перейти,84 428
Рязанская обл.,80 574,7.34,54 513,1 274,368,30.04,перейти,90 766
Калужская обл.,80 000,7.99,60 000,974,432,6.05,перейти,81 948
Томская обл.,75 855,7.09,48 640,1 381,333,4.05,перейти,81 379
Коми,74 562,9.16,36 614,959,346,5.05,перейти,77 439
Дагестан,71 102,2.27,19 949,693,2 158,7.05,перейти,71 795
Курганская обл.,71 000,8.67,47 000,3 223,105,5.05,перейти,80 669
Смоленская обл.,68 371,7.42,51 920,405,968,8.05,перейти,68 371
Карелия,68 180,11.19,50 409,588,402,8.05,перейти,68 180
Орловская обл.,65 512,9.04,45 311,819,362,6.05,перейти,67 150
Ямало-Ненецкий АО,65 000,11.88,40 000,857,243,6.05,перейти,66 714
Мурманская обл.,65 000,8.87,49 682,2 714,111,26.04,перейти,97 568
Сахалинская обл.,64 753,13.33,49 051,471,378,8.05,перейти,64 753
Чечня,63 626,4.25,25 498,1 089,629,7.05,перейти,64 715
Костромская обл.,60 258,9.59,43 981,420,605,8.05,перейти,60 258
Новгородская обл.,54 609,9.22,36 958,851,284,7.05,перейти,55 460
Севастополь,50 314,9.87,25 071,1 060,193,30.04,перейти,58 794
Марий Эл,48 000,7.11,35 000,1 143,253,7.05,перейти,49 143
Псковская обл.,47 400,7.64,35 300,457,575,6.05,перейти,48 314
Хакасия,45 638,8.58,32 201,337,654,7.05,перейти,45 975
Тыва,39 336,11.91,22 119,975,129,6.05,перейти,41 286
Северная Осетия,31 422,4.53,20 326,721,437,30.04,перейти,37 190
Карачаево-Черкесия,30 062,6.46,14 800,555,365,5.05,перейти,31 727
Калмыкия,30 000,11.11,10 000,1 099,96,22.04,перейти,47 584
Кабардино-Балкария,26 000,2.99,15 100,374,1 093,28.04,перейти,29 740
Ингушетия,25 000,4.85,15 352,450,517,30.04,перейти,28 600
Камчатский край,24 619,7.9,15 476,762,172,26.04,перейти,33 763
Алтай,21 677,9.81,15 090,138,643,8.05,перейти,21 677
Адыгея,20 955,4.52,15 500,462,456,30.04,перейти,24 651
Магаданская обл.,19 010,13.67,12 851,495,102,6.05,перейти,20 000
Чукотский АО,10 300,20.8,7 157,94,154,6.05,перейти,10 488
Еврейская АО,10 000,6.39,7 881,165,414,5.05,перейти,10 495
Ненецкий АО,6 700,15.09,3 634,82,189,6.05,перейти,6 864
