регион,"привито, чел.",% от насе-ления,% от плана ***,"привито двумя комп., чел.","новых привитых, чел./день",дней до вакц. 50% нас.,дней до вып. плана,обнов-лено,"2 комп./1 комп., %","план, % от нас."
Москва,2 000 000,15.8,31.71,1 500 000,30 612,141,141,22.06,75.0,49.83
Московская обл.,1 240 000,16.09,31.0,1 000 000,5 000,523,552,23.06,80.65,51.9
Санкт-Петербург,811 895,15.08,67.66,676 001,7 005,268,55,23.06,83.26,22.29
Краснодарский край,700 000,12.32,25.93,500 000,16 429,130,122,11.06,71.43,47.52
Свердловская обл.,566 810,13.21,37.79,460 000,6 116,258,153,23.06,81.16,34.96
Ростовская обл.,548 287,13.11,32.25,442 179,5 269,293,219,23.06,80.65,40.65
Татарстан,471 743,12.11,25.5,347 302,5 399,273,255,23.06,73.62,47.49
Самарская обл.,468 000,14.84,31.2,390 000,4 179,265,247,21.06,83.33,47.56
Башкортостан,462 067,11.51,23.1,352 833,7 987,193,193,23.06,76.36,49.82
Нижегородская обл.,412 000,12.97,26.98,338 000,2 571,458,434,21.06,82.04,48.07
Белгородская обл.,400 835,26.01,53.44,294 253,4 960,75,70,23.06,73.41,48.67
Новосибирская обл.,382 077,13.71,29.39,289 068,4 709,215,195,22.06,75.66,46.65
Челябинская обл.,358 000,10.4,22.38,300 000,2 608,523,476,21.06,83.8,46.48
Волгоградская обл.,356 397,14.4,50.91,287 614,2 771,318,124,22.06,80.7,28.28
Красноярский край,342 541,11.99,26.35,276 770,2 603,417,368,22.06,80.8,45.5
Кемеровская обл.,330 208,12.54,26.72,167 200,3 720,265,243,22.06,50.63,46.94
Воронежская обл.,330 000,14.31,28.04,282 500,1 548,532,547,22.06,85.61,51.04
Иркутская обл.,327 393,13.78,32.74,255 812,3 725,231,181,23.06,78.14,42.09
Саратовская обл.,318 241,13.29,26.43,249 803,2 828,311,313,23.06,78.49,50.28
Ставропольский край,304 400,10.9,23.42,245 000,2 417,452,412,21.06,80.49,46.55
Ханты-Мансийский АО,303 385,17.98,40.45,235 208,3 642,148,123,22.06,77.53,44.45
Алтайский край,298 692,13.01,16.06,245 630,3 053,278,511,23.06,82.24,81.02
Пермский край,283 801,11.0,23.65,232 759,2 436,413,376,23.06,82.01,46.51
Крым,279 309,14.69,24.48,220 176,1 923,349,448,23.06,78.83,60.01
Оренбургская обл.,273 130,14.06,30.5,227 960,2 211,316,282,23.06,83.46,46.1
Тюменская обл.,267 000,17.3,38.14,194 000,2 327,217,186,17.06,72.66,45.36
Ленинградская обл.,254 894,13.47,33.99,218 346,7 345,94,67,23.06,85.66,39.63
Омская обл.,253 366,13.31,27.87,207 106,2 287,305,287,23.06,81.74,47.75
Тульская обл.,219 200,15.13,30.2,176 137,1 947,260,260,21.06,80.35,50.11
Кировская обл.,200 000,16.0,27.97,164 000,1 638,260,314,23.06,82.0,57.2
Саха,193 365,19.69,27.82,158 524,963,309,521,23.06,81.98,70.78
Приморский край,192 134,10.23,30.19,144 697,2 284,327,194,23.06,75.31,33.88
Забайкальский край,185 112,17.57,39.03,154 543,1 390,246,208,23.06,83.49,45.01
Липецкая обл.,177 000,15.69,32.39,147 000,2 429,159,152,22.06,83.05,48.44
Пензенская обл.,166 071,12.86,26.08,133 096,1 727,278,272,23.06,80.14,49.3
Курская обл.,163 937,14.95,30.7,137 606,1 692,227,219,23.06,83.94,48.7
Мордовия,163 626,21.01,34.14,135 082,1 759,128,179,23.06,82.56,61.54
Бурятия,162 557,16.5,37.67,126 418,2 302,143,117,23.06,77.77,43.8
Брянская обл.,161 841,13.68,28.54,77 441,2 177,197,186,22.06,47.85,47.93
Ульяновская обл.,161 783,13.28,34.72,128 285,1 703,263,179,22.06,79.29,38.25
Ивановская обл.,158 198,16.03,36.68,127 572,2 327,144,117,23.06,80.64,43.7
Тверская обл.,156 779,12.59,26.35,104 994,1 508,309,291,23.06,66.97,47.78
Астраханская обл.,155 021,15.54,36.48,122 143,1 835,187,147,23.06,78.79,42.6
Удмуртия,153 186,10.26,34.04,127 060,1 667,356,178,23.06,82.94,30.14
Тамбовская обл.,151 890,15.27,30.66,119 964,1 431,241,240,23.06,78.98,49.81
Ярославская обл.,147 000,11.84,24.23,115 000,1 505,315,305,22.06,78.23,48.86
Чечня,142 462,9.51,25.21,60 000,3 745,162,113,17.06,42.12,37.72
Хабаровский край,142 219,10.93,23.2,113 050,1 579,322,298,23.06,79.49,47.11
Архангельская обл.,138 946,12.83,30.73,117 866,1 011,398,310,23.06,84.83,41.76
Калининградская обл.,138 230,13.57,36.86,115 503,1 019,364,232,23.06,83.56,36.81
Вологодская обл.,136 628,11.87,25.25,112 181,947,463,427,23.06,82.11,47.0
Чувашия,134 000,11.09,22.79,93 419,975,482,466,21.06,69.72,48.66
Дагестан,129 614,4.14,9.6,19 949,2 174,661,561,23.06,15.39,43.12
Рязанская обл.,126 000,11.47,23.28,87 718,1 143,370,363,23.06,69.62,49.27
Томская обл.,124 000,11.59,24.89,101 000,711,578,526,17.06,81.45,46.56
Владимирская обл.,123 000,9.16,20.5,103 000,1 028,533,464,22.06,83.74,44.68
Курганская обл.,123 000,15.03,31.58,98 000,804,356,332,22.06,79.67,47.6
Коми,120 116,14.76,31.69,99 596,1 335,215,194,23.06,82.92,46.57
Амурская обл.,119 000,15.22,32.8,99 181,922,295,264,22.06,83.35,46.4
Калужская обл.,118 932,11.88,24.39,95 200,1 036,368,356,22.06,80.05,48.71
Мурманская обл.,107 000,14.6,30.73,80 000,1 000,259,241,22.06,74.77,47.51
Смоленская обл.,104 029,11.29,22.46,85 622,1 048,340,343,23.06,82.31,50.27
Сахалинская обл.,95 005,19.56,40.72,72 778,1 599,92,87,23.06,76.6,48.04
Ямало-Ненецкий АО,95 000,17.37,38.93,81 000,572,312,260,22.06,85.26,44.61
Карелия,91 832,15.08,31.6,76 931,687,310,289,22.06,83.77,47.73
Орловская обл.,90 139,12.44,25.35,76 317,605,450,439,23.06,84.67,49.07
Костромская обл.,82 967,13.2,27.45,67 841,945,245,232,23.06,81.77,48.08
Новгородская обл.,80 897,13.66,28.16,66 070,832,259,248,23.06,81.67,48.52
Севастополь,76 373,14.98,34.87,63 586,737,242,194,23.06,83.26,42.96
Марий Эл,70 992,10.51,22.38,56 554,932,286,264,23.06,79.66,46.96
Хакасия,70 649,13.28,29.19,56 518,683,286,251,23.06,80.0,45.49
Псковская обл.,68 600,11.06,22.43,56 800,551,438,430,19.06,82.8,49.3
Северная Осетия,56 815,8.2,17.77,41 422,649,446,405,23.06,72.91,46.16
Тыва,55 264,16.73,44.46,43 458,145,758,476,23.06,78.64,37.63
Кабардино-Балкария,53 797,6.19,13.55,32 371,1 424,267,241,23.06,60.17,45.67
Карачаево-Черкесия,50 402,10.83,23.33,44 066,612,298,271,21.06,87.43,46.41
Ингушетия,47 580,9.23,22.73,31 531,438,480,369,9.06,66.27,40.61
Калмыкия,40 000,14.82,32.52,34 000,238,399,349,17.06,85.0,45.57
Адыгея,39 951,8.63,20.8,30 632,600,319,254,23.06,76.67,41.5
Камчатский край,38 684,12.41,26.14,33 236,395,297,277,23.06,85.92,47.48
Алтай,34 221,15.49,40.8,27 122,242,315,205,22.06,79.26,37.96
Магаданская обл.,25 993,18.7,61.89,23 259,118,369,136,23.06,89.48,30.22
Еврейская АО,17 688,11.3,24.53,12 788,201,301,271,17.06,72.3,46.06
Чукотский АО,14 749,29.78,65.25,12 069,120,83,65,23.06,81.83,45.64
Ненецкий АО,9 500,21.4,49.28,7 294,47,270,208,16.06,76.78,43.42
