регион,"привито, чел.",% от насе-ления,% от плана ***,"привито двумя комп., чел.","новых привитых, чел./день",дней до вакц. 50% нас.,дней до вып. плана,обнов-лено,"2 комп./1 комп., %","план, % от нас."
Москва,2 000 000,15.8,31.71,1 600 000,30 612,141,141,26.06,80.0,49.83
Московская обл.,1 505 125,19.53,37.63,1 000 000,37 875,62,66,30.06,66.44,51.9
Санкт-Петербург,888 856,16.51,74.07,706 962,10 994,164,28,30.06,79.54,22.29
Краснодарский край,800 000,14.07,29.63,572 368,9 927,206,191,30.06,71.55,47.49
Свердловская обл.,650 000,15.15,43.33,482 000,13 190,113,64,29.06,74.15,34.96
Ростовская обл.,629 127,15.05,37.01,473 237,11 549,127,93,30.06,75.22,40.67
Башкортостан,552 427,13.76,27.62,374 157,12 909,113,112,30.06,67.73,49.82
Татарстан,532 894,13.68,28.81,382 344,8 736,162,151,30.06,71.75,47.49
Самарская обл.,518 000,16.42,34.53,416 000,6 000,177,164,29.06,80.31,47.55
Нижегородская обл.,481 974,15.17,31.56,360 907,8 015,138,130,30.06,74.88,48.06
Белгородская обл.,456 548,29.62,60.87,323 492,7 959,39,37,30.06,70.86,48.66
Челябинская обл.,420 461,12.21,26.28,317 970,6 940,187,170,30.06,75.62,46.46
Новосибирская обл.,410 960,14.75,31.61,320 000,4 701,209,189,30.06,77.87,46.66
Волгоградская обл.,400 000,16.16,57.14,305 000,6 229,134,48,29.06,76.25,28.28
Кемеровская обл.,390 693,14.84,31.61,276 828,8 641,107,98,29.06,70.86,46.95
Воронежская обл.,375 998,16.31,31.95,304 264,5 767,135,139,30.06,80.92,51.06
Красноярский край,371 515,13.01,28.58,293 683,5 183,204,179,26.06,79.05,45.52
Саратовская обл.,360 917,15.07,29.98,267 237,6 097,137,138,30.06,74.04,50.27
Иркутская обл.,358 487,15.09,35.85,270 491,4 442,187,144,30.06,75.45,42.09
Ставропольский край,339 300,12.15,26.1,258 213,4 657,227,206,29.06,76.1,46.55
Ханты-Мансийский АО,337 376,19.99,44.98,254 230,4 856,104,85,29.06,75.36,44.44
Алтайский край,335 490,14.61,18.04,258 570,5 257,155,290,30.06,77.07,81.0
Пермский край,320 033,12.41,26.67,247 520,5 176,187,170,30.06,77.34,46.53
Крым,314 868,16.56,27.6,225 000,5 080,125,163,30.06,71.46,60.01
Тюменская обл.,311 180,20.16,44.45,222 367,4 067,113,96,29.06,71.46,45.35
Оренбургская обл.,310 545,15.98,34.68,233 070,5 345,124,109,30.06,75.05,46.08
Омская обл.,282 004,14.81,31.02,218 750,4 091,164,153,30.06,77.57,47.74
Ленинградская обл.,246 305,13.01,32.84,187 437,3 549,197,142,30.06,76.1,39.62
Тульская обл.,244 000,16.84,33.61,185 000,3 543,136,136,28.06,75.82,50.1
Чечня,220 000,14.69,38.94,83 535,7 688,69,45,29.06,37.97,37.73
Приморский край,218 814,11.65,34.39,157 386,3 811,189,110,30.06,71.93,33.88
Кировская обл.,208 000,16.64,29.09,167 000,1 600,261,317,28.06,80.29,57.2
Саха,206 831,21.06,29.76,166 200,1 924,148,254,30.06,80.36,70.78
Забайкальский край,198 081,18.8,41.77,163 102,1 853,177,149,30.06,82.34,45.01
Липецкая обл.,192 600,17.07,35.24,151 900,3 229,115,110,28.06,78.87,48.44
Ульяновская обл.,186 353,15.3,31.32,141 352,3 106,136,132,30.06,75.85,48.85
Удмуртия,184 081,12.33,40.91,140 848,4 414,127,60,30.06,76.51,30.14
Курская обл.,184 000,16.78,34.46,143 000,2 866,127,122,30.06,77.72,48.7
Брянская обл.,180 338,15.25,31.81,77 441,1 990,207,194,30.06,42.94,47.95
Мордовия,179 540,23.05,46.24,142 228,2 273,92,92,30.06,79.22,49.85
Бурятия,179 304,18.2,41.56,134 524,2 393,131,105,30.06,75.03,43.8
Ивановская обл.,178 676,18.1,41.43,132 537,2 925,108,86,30.06,74.18,43.69
Пензенская обл.,178 671,13.84,28.06,139 268,2 234,209,205,28.06,77.95,49.32
Тверская обл.,178 612,14.34,30.02,153 993,3 119,142,134,30.06,86.22,47.77
Астраханская обл.,175 200,17.56,41.22,129 727,2 883,112,87,30.06,74.05,42.6
Тамбовская обл.,169 099,17.0,34.13,127 425,2 458,133,133,30.06,75.36,49.81
Ярославская обл.,160 000,12.89,26.38,130 000,1 857,248,240,29.06,81.25,48.87
Калининградская обл.,156 617,15.38,41.76,122 594,2 627,134,83,30.06,78.28,36.83
Хабаровский край,155 740,11.97,25.41,120 177,1 932,256,237,30.06,77.17,47.11
Архангельская обл.,151 476,13.99,33.5,123 509,1 790,218,168,30.06,81.54,41.76
Дагестан,148 254,4.73,10.98,19 949,3 084,460,390,29.06,13.46,43.07
Чувашия,147 000,12.17,25.0,117 000,1 643,278,268,29.06,79.59,48.68
Курганская обл.,147 000,17.96,38.13,107 700,3 429,76,70,29.06,73.27,47.1
Томская обл.,146 625,13.7,29.43,113 339,2 191,177,160,30.06,77.3,46.55
Вологодская обл.,146 000,12.68,26.99,117 700,1 571,273,251,28.06,80.62,46.99
Рязанская обл.,140 000,12.75,25.87,110 000,2 178,188,184,29.06,78.57,49.29
Калужская обл.,136 000,13.59,27.89,95 200,2 438,150,144,28.06,70.0,48.73
Коми,134 296,16.51,35.43,102 616,2 026,135,121,30.06,76.41,46.59
Владимирская обл.,133 848,9.97,22.31,108 627,1 549,347,301,29.06,81.16,44.69
Амурская обл.,129 954,16.62,35.82,102 110,1 565,167,149,29.06,78.57,46.4
Мурманская обл.,118 444,16.16,34.01,93 507,1 453,171,158,30.06,78.95,47.51
Смоленская обл.,117 882,12.8,25.45,90 149,1 979,173,174,30.06,76.47,50.3
Сахалинская обл.,106 937,22.02,45.83,72 778,1 705,80,74,30.06,68.06,48.05
Ямало-Ненецкий АО,106 500,19.47,43.65,86 000,1 500,111,92,30.06,80.75,44.61
Карелия,100 033,16.42,34.42,81 385,902,227,211,30.06,81.36,47.71
Костромская обл.,92 836,14.77,30.72,67 841,1 410,157,148,30.06,73.08,48.08
Орловская обл.,91 983,12.69,25.87,79 201,696,388,379,29.06,86.1,49.05
Новгородская обл.,88 667,14.97,30.86,69 887,1 110,187,179,30.06,78.82,48.51
Севастополь,85 039,16.67,38.83,66 292,1 238,137,108,30.06,77.95,42.93
Марий Эл,77 787,11.52,24.52,58 771,1 163,223,206,29.06,75.55,46.97
Хакасия,77 735,14.61,32.12,59 817,1 169,161,141,29.06,76.95,45.48
Псковская обл.,77 000,12.41,25.18,58 400,845,276,271,30.06,75.84,49.28
Кабардино-Балкария,64 554,7.43,16.26,39 125,2 093,177,159,28.06,60.61,45.68
Северная Осетия,62 608,9.03,19.58,46 859,920,309,280,29.06,74.85,46.13
Ингушетия,61 661,11.96,29.45,45 862,741,265,199,28.06,74.38,40.61
Тыва,61 477,18.61,49.46,48 912,599,173,105,28.06,79.56,37.62
Карачаево-Черкесия,61 110,13.13,28.29,50 285,574,299,270,30.06,82.29,46.41
Калмыкия,44 000,16.3,35.77,44 000,333,273,237,29.06,100.0,45.57
Камчатский край,42 463,13.62,28.69,34 268,540,210,195,30.06,80.7,47.47
Адыгея,39 951,8.63,20.8,30 632,600,319,254,23.06,76.67,41.5
Алтай,37 405,16.93,44.6,29 176,455,161,102,29.06,78.0,37.96
Магаданская обл.,27 774,19.98,66.13,24 271,205,204,69,30.06,87.39,30.21
Еврейская АО,20 419,13.05,28.32,14 690,390,148,133,24.06,71.94,46.08
Чукотский АО,15 517,31.33,68.64,13 053,109,85,65,30.06,84.12,45.64
Ненецкий АО,10 500,23.65,54.47,8 920,79,148,111,30.06,84.95,43.42
