регион,"привито, чел.",% от насе-ления,"привито двумя комп., чел.","новых привитых, чел./день",дней до вакц. 50% нас.,обнов-лено,источник,"прогноз приви-тых, чел. *"
Москва,1 000 000,7.9,820 000,0,-,15.04,перейти,1 000 000
Московская обл.,900 000,11.68,340 938,10 000,295,11.05,перейти,910 000
Санкт-Петербург,596 806,11.08,491 547,2 877,728,12.05,перейти,596 806
Краснодарский край,445 000,7.83,210 680,5 286,453,10.05,перейти,455 572
Свердловская обл.,408 039,9.51,301 800,2 863,607,12.05,перейти,408 039
Ростовская обл.,341 003,8.16,232 687,3 053,573,12.05,перейти,341 003
Самарская обл.,330 000,10.46,246 000,3 143,397,10.05,перейти,336 286
Нижегородская обл.,294 000,9.26,215 000,1 827,708,11.05,перейти,295 827
Башкортостан,292 852,7.3,201 783,2 560,670,12.05,перейти,292 852
Татарстан,278 484,7.15,191 874,2 599,642,12.05,перейти,278 484
Челябинская обл.,251 000,7.29,188 320,5 857,251,12.05,перейти,251 000
Новосибирская обл.,240 863,8.65,159 336,3 782,305,12.05,перейти,240 863
Белгородская обл.,240 557,15.61,167 856,1 455,364,12.05,перейти,240 557
Воронежская обл.,235 500,10.21,184 000,2 214,414,8.05,перейти,244 356
Красноярский край,232 940,8.16,165 861,4 706,254,11.05,перейти,237 646
Волгоградская обл.,228 000,9.21,151 000,1 429,706,7.05,перейти,235 145
Иркутская обл.,214 271,9.02,136 628,2 862,340,12.05,перейти,214 271
Ставропольский край,212 265,7.6,153 961,1 366,867,12.05,перейти,212 265
Саратовская обл.,210 773,8.8,145 351,4 396,224,12.05,перейти,210 773
Кемеровская обл.,207 782,7.89,148 894,3 969,279,11.05,перейти,211 751
Алтайский край,206 133,8.98,151 249,1 444,652,12.05,перейти,206 133
Пермский край,188 835,7.32,138 005,1 523,723,12.05,перейти,188 835
Оренбургская обл.,187 395,9.65,12 905,1 643,477,11.05,перейти,189 038
Омская обл.,176 949,9.3,127 710,1 465,529,12.05,перейти,176 949
Крым,174 163,9.16,103 000,1 738,447,12.05,перейти,174 163
Ханты-Мансийский АО,170 692,10.11,102 269,4 195,160,11.05,перейти,174 887
Тульская обл.,152 000,10.49,117 000,2 571,223,11.05,перейти,154 571
Ленинградская обл.,150 340,7.94,107 090,2 845,280,11.05,перейти,153 185
Тюменская обл.,140 066,9.08,75 980,2 750,230,5.05,перейти,159 316
Кировская обл.,138 500,11.08,101 800,1 252,389,11.05,перейти,139 752
Забайкальский край,135 653,12.88,96 782,1 848,212,12.05,перейти,135 653
Липецкая обл.,125 000,11.08,102 000,714,615,11.05,перейти,125 714
Курская обл.,119 177,10.87,99 017,1 592,270,12.05,перейти,119 177
Тверская обл.,116 683,9.37,104 994,550,920,12.05,перейти,116 683
Ивановская обл.,115 586,11.71,91 833,456,829,12.05,перейти,115 586
Приморский край,114 231,6.08,84 122,1 167,707,12.05,перейти,114 231
Саха,113 299,11.54,87 572,772,489,12.05,перейти,113 299
Брянская обл.,112 000,9.47,48 000,714,671,12.05,перейти,112 000
Мордовия,111 921,14.37,87 239,694,400,12.05,перейти,111 921
Пензенская обл.,108 860,8.43,75 533,1 195,449,4.05,перейти,118 420
Ульяновская обл.,104 997,8.62,79 144,523,964,11.05,перейти,105 520
Ярославская обл.,104 008,8.38,79 110,573,902,11.05,перейти,104 581
Тамбовская обл.,102 092,10.27,77 832,733,539,12.05,перейти,102 092
Удмуртия,100 338,6.72,63 457,1 886,343,11.05,перейти,102 224
Астраханская обл.,96 674,9.69,71 025,1 003,401,12.05,перейти,96 674
Калининградская обл.,95 296,9.36,67 784,982,422,11.05,перейти,96 278
Архангельская обл.,93 942,8.68,60 215,1 915,234,8.05,перейти,101 602
Бурятия,93 584,9.5,59 582,2 434,164,10.05,перейти,98 452
Хабаровский край,91 000,6.99,60 000,1 170,478,12.05,перейти,91 000
Вологодская обл.,91 000,7.91,63 000,1 201,403,11.05,перейти,92 201
Владимирская обл.,90 570,6.75,71 770,653,889,12.05,перейти,90 570
Рязанская обл.,87 000,7.92,65 500,918,503,12.05,перейти,87 000
Амурская обл.,85 914,10.99,65 595,862,354,7.05,перейти,90 224
Калужская обл.,82 000,8.19,62 629,306,1 368,11.05,перейти,82 306
Чувашия,81 000,6.71,55 000,1 714,305,6.05,перейти,91 284
Коми,80 515,9.9,36 614,850,384,12.05,перейти,80 515
Томская обл.,80 135,7.49,57 137,611,745,11.05,перейти,80 746
Мурманская обл.,76 000,10.37,57 511,1 571,185,12.05,перейти,76 000
Дагестан,75 389,2.41,19 949,873,1 708,12.05,перейти,75 389
Курганская обл.,74 244,9.07,52 865,3 687,91,11.05,перейти,77 931
Смоленская обл.,70 000,7.6,54 400,508,769,12.05,перейти,70 000
Ямало-Ненецкий АО,68 212,12.47,44 558,1 173,175,12.05,перейти,68 212
Карелия,68 180,11.19,50 409,588,402,9.05,перейти,69 944
Сахалинская обл.,66 127,13.62,51 751,394,448,12.05,перейти,66 127
Орловская обл.,64 851,8.95,49 333,725,410,11.05,перейти,65 576
Чечня,63 626,4.25,25 498,1 089,629,7.05,перейти,69 071
Костромская обл.,61 144,9.73,43 981,374,677,12.05,перейти,61 144
Новгородская обл.,55 166,9.31,37 898,930,259,11.05,перейти,56 096
Севастополь,54 435,10.67,36 812,589,341,12.05,перейти,54 435
Марий Эл,49 629,7.35,37 315,516,558,12.05,перейти,49 629
Псковская обл.,48 300,7.79,36 300,400,655,9.05,перейти,49 500
Хакасия,46 733,8.78,33 835,402,545,11.05,перейти,47 135
Тыва,40 691,12.32,23 390,589,211,11.05,перейти,41 280
Северная Осетия,35 774,5.16,25 445,622,500,12.05,перейти,35 774
Калмыкия,34 000,12.59,10 000,571,177,11.05,перейти,34 571
Карачаево-Черкесия,32 510,6.99,17 617,350,572,12.05,перейти,32 510
Кабардино-Балкария,30 000,3.45,22 126,571,709,12.05,перейти,30 000
Камчатский край,29 974,9.62,15 476,765,165,12.05,перейти,29 974
Ингушетия,25 000,4.85,15 352,450,517,30.04,перейти,30 400
Алтай,22 230,10.06,16 973,103,857,12.05,перейти,22 230
Адыгея,20 955,4.52,15 500,462,456,30.04,перейти,26 499
Магаданская обл.,19 697,14.17,14 233,144,346,12.05,перейти,19 697
Чукотский АО,10 700,21.6,8 200,67,210,12.05,перейти,10 700
Еврейская АО,10 000,6.39,7 881,165,414,5.05,перейти,11 155
Ненецкий АО,6 952,15.66,4 938,118,129,12.05,перейти,6 952
