регион,"привито, чел.",% от насе-ления,"привито двумя комп., чел.","новых привитых, чел./день",дней до вакц. 50% нас.,обнов-лено,источник,"прогноз приви-тых, чел. *"
Москва,1 000 000,7.9,820 000,0,-,15.04,перейти,1 000 000
Московская обл.,640 000,8.3,,5 714,563,16.04,перейти,640 000
Санкт-Петербург,487 411,9.05,335 844,6 547,337,16.04,перейти,487 411
Краснодарский край,311 900,5.49,175 000,8 575,295,16.04,перейти,311 900
Свердловская обл.,275 000,6.41,174 000,4 714,397,16.04,перейти,275 000
Самарская обл.,242 000,7.67,154 000,4 857,275,16.04,перейти,242 000
Ростовская обл.,227 434,5.44,113 594,6 327,295,16.04,перейти,227 434
Нижегородская обл.,211 000,6.64,124 000,4 609,299,15.04,перейти,215 609
Башкортостан,200 021,4.98,117 299,4 400,411,16.04,перейти,200 021
Татарстан,192 915,4.95,114 425,3 627,484,16.04,перейти,192 915
Воронежская обл.,186 654,8.1,116 647,3 808,254,16.04,перейти,186 654
Челябинская обл.,175 000,5.08,110 000,4 394,352,14.04,перейти,183 788
Белгородская обл.,169 089,10.97,104 491,3 792,159,16.04,перейти,169 089
Волгоградская обл.,160 000,6.47,66 200,5 714,189,16.04,перейти,160 000
Новосибирская обл.,157 184,5.64,94 416,5 312,233,16.04,перейти,157 184
Красноярский край,155 456,5.44,110 579,2 419,526,14.04,перейти,160 294
Ставропольский край,153 000,5.48,91 000,5 000,249,16.04,перейти,153 000
Кемеровская обл.,147 380,5.6,93 839,3 911,299,15.04,перейти,151 291
Алтайский край,143 845,6.26,79 873,3 269,307,16.04,перейти,143 845
Саратовская обл.,140 455,5.86,93 218,2 782,380,16.04,перейти,140 455
Иркутская обл.,131 742,5.55,83 713,2 475,427,16.04,перейти,131 742
Пермский край,131 068,5.08,72 671,3 583,323,16.04,перейти,131 068
Омская обл.,121 686,6.39,63 026,3 794,219,16.04,перейти,121 686
Оренбургская обл.,120 510,6.2,12 905,4 177,204,14.04,перейти,128 864
Тульская обл.,110 000,7.59,70 000,2 357,261,14.04,перейти,114 714
Кировская обл.,107 870,8.63,46 289,3 865,134,16.04,перейти,107 870
Ленинградская обл.,105 244,5.56,61 320,2 333,361,15.04,перейти,107 577
Липецкая обл.,100 000,8.86,62 900,1 757,264,15.04,перейти,101 757
Тверская обл.,96 190,7.72,15 000,1 328,397,16.04,перейти,96 190
Крым,92 633,4.87,61 430,2 340,367,13.04,перейти,99 653
Ивановская обл.,92 575,9.38,57 079,1 649,243,16.04,перейти,92 575
Забайкальский край,91 313,8.67,51 019,2 526,172,16.04,перейти,91 313
Брянская обл.,90 820,7.68,48 000,1 399,358,15.04,перейти,92 219
Курская обл.,90 771,8.28,60 109,1 539,297,16.04,перейти,90 771
Саха,89 935,9.16,54 160,3 228,124,16.04,перейти,89 935
Тюменская обл.,89 523,5.8,52 302,3 239,211,16.04,перейти,89 523
Ханты-Мансийский АО,88 840,5.26,56 399,4 068,186,13.04,перейти,101 044
Пензенская обл.,85 092,6.59,42 742,2 241,250,16.04,перейти,85 092
Приморский край,82 083,4.37,54 389,1 421,603,16.04,перейти,82 083
Мордовия,82 045,10.53,48 648,1 628,189,15.04,перейти,83 673
Тамбовская обл.,78 125,7.86,52 353,1 372,305,16.04,перейти,78 125
Ярославская обл.,78 000,6.28,52 000,2 262,240,15.04,перейти,80 262
Ульяновская обл.,72 039,5.91,45 402,3 148,171,13.04,перейти,81 483
Владимирская обл.,70 284,5.24,48 000,1 469,409,16.04,перейти,70 284
Астраханская обл.,67 702,6.79,37 531,1 534,281,16.04,перейти,67 702
Удмуртия,66 092,4.43,41 420,1 539,442,16.04,перейти,66 092
Рязанская обл.,61 311,5.58,40 000,1 193,409,16.04,перейти,61 311
Амурская обл.,60 900,7.79,43 397,1 946,170,9.04,перейти,74 522
Калужская обл.,60 863,6.08,40 000,1 266,347,14.04,перейти,63 395
Калининградская обл.,60 505,5.94,33 130,2 558,175,13.04,перейти,68 179
Архангельская обл.,60 000,5.54,40 000,1 143,421,16.04,перейти,60 000
Хабаровский край,57 526,4.42,39 721,894,663,13.04,перейти,60 208
Вологодская обл.,55 550,4.83,35 540,1 464,355,14.04,перейти,58 478
Бурятия,55 200,5.6,41 200,743,589,15.04,перейти,55 943
Чувашия,55 000,4.55,34 000,1 714,320,16.04,перейти,55 000
Карелия,52 049,8.55,32 532,1 450,174,16.04,перейти,52 049
Сахалинская обл.,51 037,10.51,35 331,813,236,16.04,перейти,51 037
Дагестан,49 932,1.59,19 949,1 504,1 008,16.04,перейти,49 932
Томская обл.,48 882,4.57,34 284,998,487,12.04,перейти,52 874
Курганская обл.,48 438,5.92,30 482,1 344,268,14.04,перейти,51 126
Орловская обл.,48 142,6.64,32 490,1 057,297,15.04,перейти,49 199
Чечня,44 000,2.94,25 498,1 228,574,14.04,перейти,46 456
Костромская обл.,43 977,7.0,30 785,1 282,211,13.04,перейти,47 823
Коми,41 128,5.06,25 402,873,419,14.04,перейти,42 874
Новгородская обл.,40 343,6.81,23 632,1 092,234,16.04,перейти,40 343
Мурманская обл.,40 000,5.46,29 000,614,532,12.04,перейти,42 456
Ямало-Ненецкий АО,39 500,7.22,28 000,1 073,218,15.04,перейти,40 573
Псковская обл.,36 500,5.88,23 000,1 214,225,16.04,перейти,36 500
Марий Эл,35 757,5.29,20 232,1 244,243,16.04,перейти,35 757
Смоленская обл.,35 500,3.85,26 595,981,433,27.03,перейти,55 120
Хакасия,33 579,6.31,19 829,762,305,16.04,перейти,33 579
Севастополь,32 573,6.39,18 313,1 041,214,16.04,перейти,32 573
Тыва,25 910,7.84,11 241,1 033,135,16.04,перейти,25 910
Северная Осетия,25 000,3.61,14 300,965,333,15.04,перейти,25 965
Калмыкия,22 305,8.26,7 000,1 401,80,13.04,перейти,26 508
Кабардино-Балкария,22 000,2.53,13 000,429,962,15.04,перейти,22 429
Камчатский край,19 287,6.19,14 735,382,357,14.04,перейти,20 051
Адыгея,17 720,3.83,12 095,139,1 539,15.04,перейти,17 859
Ингушетия,16 170,3.14,11 777,284,851,5.04,перейти,19 294
Карачаево-Черкесия,15 265,3.28,10 048,476,457,9.04,перейти,18 597
Алтай,14 688,6.65,8 802,388,247,16.04,перейти,14 688
Магаданская обл.,13 184,9.48,8 986,446,126,15.04,перейти,13 630
Чукотский АО,8 456,17.07,5 845,173,94,16.04,перейти,8 456
Еврейская АО,7 869,5.03,5 864,220,320,9.04,перейти,9 409
Ненецкий АО,4 700,10.59,3 181,50,350,15.04,перейти,4 750
