регион,"привито, чел.",% от насе-ления,% от плана ***,"привито двумя комп., чел.","новых привитых, чел./день",дней до вакц. 50% нас.,дней до вып. плана,обнов-лено,"2 комп./1 комп., %","план, % от нас."
Москва,1 800 000,14.22,28.54,1 500 000,14 286,317,315,18.06,83.33,49.83
Московская обл.,1 200 000,15.57,30.0,1 000 000,3 145,844,890,15.06,83.33,51.9
Санкт-Петербург,778 047,14.45,64.84,654 850,4 644,412,91,18.06,84.17,22.29
Краснодарский край,700 000,12.32,25.93,500 000,16 429,130,122,11.06,71.43,47.52
Ростовская обл.,534 179,12.77,31.42,433 233,4 633,336,252,20.06,81.1,40.64
Свердловская обл.,532 571,12.41,35.5,446 771,3 402,474,284,18.06,83.89,34.95
Татарстан,447 289,11.49,24.18,325 756,3 554,422,395,18.06,72.83,47.52
Самарская обл.,440 000,13.95,29.33,360 000,2 143,531,495,15.06,81.82,47.56
Башкортостан,418 145,10.42,20.91,339 816,2 779,572,569,18.06,81.27,49.84
Нижегородская обл.,398 000,12.53,26.06,330 000,3 357,355,336,17.06,82.91,48.07
Белгородская обл.,386 572,25.08,51.54,285 521,4 055,95,90,20.06,73.86,48.66
Новосибирская обл.,361 974,12.99,27.84,289 068,3 206,322,293,17.06,79.86,46.65
Волгоградская обл.,340 000,13.74,48.57,270 000,2 952,304,122,16.06,79.41,28.29
Красноярский край,332 804,11.65,25.6,269 605,2 829,387,342,18.06,81.01,45.51
Челябинская обл.,326 699,9.49,20.42,295 689,2 967,470,429,19.06,90.51,46.48
Воронежская обл.,325 000,14.1,27.61,270 000,1 428,580,597,17.06,83.08,51.06
Иркутская обл.,315 072,13.27,31.51,249 152,2 671,327,256,19.06,79.08,42.12
Кемеровская обл.,315 000,11.96,25.49,167 200,3 077,326,299,18.06,53.08,46.93
Саратовская обл.,300 976,12.57,25.0,235 240,2 530,354,357,17.06,78.16,50.28
Ставропольский край,300 000,10.74,23.08,245 000,1 859,590,538,20.06,81.67,46.54
Алтайский край,289 386,12.6,15.56,240 916,2 189,392,718,20.06,83.25,80.99
Ханты-Мансийский АО,277 891,16.47,37.05,212 044,2 016,281,234,15.06,76.3,44.45
Пермский край,277 015,10.74,23.08,228 117,1 778,570,519,20.06,82.35,46.52
Крым,275 000,14.46,24.1,198 895,2 334,290,371,19.06,72.33,59.99
Тюменская обл.,267 000,17.3,38.14,194 000,2 327,217,186,17.06,72.66,45.36
Оренбургская обл.,262 070,13.49,29.26,219 170,1 463,485,433,18.06,83.63,46.1
Омская обл.,246 531,12.95,27.12,202 948,1 722,410,385,19.06,82.32,47.75
Ленинградская обл.,240 194,12.69,32.03,170 653,5 419,130,94,19.06,71.05,39.62
Тульская обл.,206 935,14.28,28.51,166 250,1 367,379,380,15.06,80.34,50.09
Кировская обл.,192 000,15.36,26.85,159 500,1 545,280,339,18.06,83.07,57.2
Саха,189 000,19.25,27.19,149 094,857,352,591,18.06,78.89,70.8
Приморский край,184 236,9.81,28.95,137 248,1 678,450,269,19.06,74.5,33.88
Забайкальский край,180 085,17.09,37.97,152 267,887,391,332,20.06,84.55,45.01
Липецкая обл.,161 947,14.35,29.63,140 395,1 088,370,353,17.06,86.69,48.43
Пензенская обл.,158 471,12.28,24.89,129 285,1 730,281,276,18.06,81.58,49.34
Ульяновская обл.,158 196,12.98,33.95,124 441,1 617,279,190,19.06,78.66,38.24
Курская обл.,157 433,14.36,29.48,135 049,1 016,385,371,20.06,85.78,48.71
Брянская обл.,157 425,13.31,27.76,48 000,1 705,254,240,19.06,30.49,47.94
Мордовия,154 214,19.8,32.17,130 373,795,296,409,19.06,84.54,61.54
Тверская обл.,152 185,12.22,25.58,104 994,1 132,416,391,20.06,68.99,47.78
Ивановская обл.,149 991,15.2,34.78,125 680,1 370,251,205,20.06,83.79,43.7
Астраханская обл.,148 632,14.9,34.97,114 891,1 266,277,218,19.06,77.3,42.61
Тамбовская обл.,147 252,14.81,29.72,117 135,1 133,309,307,20.06,79.55,49.83
Удмуртия,146 798,9.83,32.62,114 584,1 928,311,157,19.06,78.06,30.13
Бурятия,146 445,14.86,33.94,107 259,869,398,328,16.06,73.24,43.78
Чечня,142 462,9.51,25.21,60 000,3 745,162,113,17.06,42.12,37.72
Ярославская обл.,136 463,10.99,22.5,115 000,642,754,732,15.06,84.27,48.85
Хабаровский край,135 432,10.41,22.09,108 451,1 001,515,477,19.06,80.08,47.12
Архангельская обл.,134 837,12.45,29.82,113 792,648,627,490,19.06,84.39,41.75
Калининградская обл.,131 097,12.87,34.96,107 223,726,521,336,16.06,81.79,36.81
Вологодская обл.,130 000,11.29,24.03,97 817,765,582,537,16.06,75.24,46.98
Чувашия,127 900,10.59,21.75,93 419,843,565,546,15.06,73.04,48.69
Томская обл.,124 000,11.59,24.89,101 000,711,578,526,17.06,81.45,46.56
Дагестан,121 353,3.87,8.99,19 949,1 780,812,690,20.06,16.44,43.05
Курганская обл.,121 267,14.81,31.13,95 289,1 144,252,235,18.06,78.58,47.57
Рязанская обл.,121 000,11.02,22.36,87 718,743,576,566,19.06,72.49,49.29
Владимирская обл.,118 000,8.79,19.67,100 000,569,972,847,19.06,84.75,44.69
Калужская обл.,115 118,11.5,23.61,93 456,914,422,408,17.06,81.18,48.72
Коми,114 356,14.06,30.17,85 776,800,366,331,20.06,75.01,46.6
Амурская обл.,113 411,14.51,31.26,95 094,548,506,455,18.06,83.85,46.41
Мурманская обл.,105 353,14.38,30.26,80 000,1 042,251,233,18.06,75.94,47.53
Смоленская обл.,100 260,10.88,21.64,83 736,728,495,499,19.06,83.52,50.27
Ямало-Ненецкий АО,93 000,17.0,38.11,79 000,514,351,294,18.06,84.95,44.6
Карелия,90 321,14.83,31.08,69 646,645,332,311,18.06,77.11,47.72
Сахалинская обл.,87 599,18.04,37.54,72 778,808,192,180,20.06,83.08,48.05
Орловская обл.,82 269,11.35,23.14,72 768,495,566,552,17.06,88.45,49.05
Костромская обл.,78 859,12.55,26.09,66 000,465,506,480,19.06,83.69,48.1
Новгородская обл.,77 245,13.04,26.89,63 572,514,426,409,18.06,82.3,48.5
Севастополь,72 870,14.29,33.27,61 995,447,407,327,18.06,85.08,42.95
Псковская обл.,68 600,11.06,22.43,56 800,551,438,430,19.06,82.8,49.3
Хакасия,67 627,12.71,27.95,54 217,568,349,307,18.06,80.17,45.48
Марий Эл,67 282,9.96,21.21,54 591,504,536,496,18.06,81.14,46.95
Тыва,55 681,16.85,44.8,43 500,303,361,226,17.06,78.12,37.61
Северная Осетия,52 269,7.54,16.34,41 422,407,723,657,16.06,79.25,46.13
Карачаево-Черкесия,50 402,10.83,23.33,43 165,612,298,271,18.06,85.64,46.41
Ингушетия,47 580,9.23,22.73,31 531,438,480,369,9.06,66.27,40.61
Кабардино-Балкария,43 925,5.05,11.07,32 371,315,1 240,1 121,17.06,73.7,45.63
Калмыкия,40 000,14.82,32.52,34 000,238,399,349,17.06,85.0,45.57
Камчатский край,37 007,11.87,25.0,32 580,183,649,607,18.06,88.04,47.47
Адыгея,35 751,7.72,18.61,27 644,361,542,433,16.06,77.32,41.48
Алтай,33 357,15.1,39.77,26 560,366,211,138,18.06,79.62,37.97
Магаданская обл.,25 993,18.7,61.89,22 323,118,369,136,18.06,85.88,30.22
Еврейская АО,17 688,11.3,24.53,12 788,201,301,271,17.06,72.3,46.06
Чукотский АО,13 966,28.2,61.78,11 179,53,204,163,17.06,80.04,45.64
Ненецкий АО,9 500,21.4,49.28,7 294,47,270,208,16.06,76.78,43.42
