регион,"привито, чел.",% от насе-ления,"привито двумя комп., чел.","новых привитых, чел./день",дней до вакц. 50% нас.,обнов-лено,источник,"прогноз приви-тых, чел. *"
Москва,1 000 000,7.9,820 000,0,-,15.04,перейти,1 000 000
Московская обл.,900 000,11.68,340 938,10 000,295,11.05,перейти,920 000
Санкт-Петербург,602 027,11.18,499 874,3 081,678,13.05,перейти,602 027
Краснодарский край,452 000,7.95,210 680,5 286,452,13.05,перейти,452 000
Свердловская обл.,408 039,9.51,301 800,2 863,607,12.05,перейти,410 902
Ростовская обл.,348 315,8.33,242 408,3 590,485,13.05,перейти,348 315
Самарская обл.,333 000,10.56,254 000,3 571,348,13.05,перейти,333 000
Башкортостан,301 734,7.52,213 442,3 203,532,13.05,перейти,301 734
Нижегородская обл.,300 000,9.44,220 000,2 684,480,13.05,перейти,300 000
Татарстан,282 858,7.26,192 658,2 729,610,13.05,перейти,282 858
Челябинская обл.,251 000,7.29,194 133,5 857,251,13.05,перейти,251 000
Белгородская обл.,243 753,15.82,172 731,1 512,348,13.05,перейти,243 753
Новосибирская обл.,240 863,8.65,159 336,3 782,305,12.05,перейти,244 645
Волгоградская обл.,237 000,9.58,172 000,1 817,551,13.05,перейти,237 000
Воронежская обл.,235 500,10.21,184 000,2 214,414,8.05,перейти,246 570
Красноярский край,232 940,8.16,165 861,4 706,254,11.05,перейти,242 352
Иркутская обл.,217 017,9.14,141 787,2 862,339,13.05,перейти,217 017
Ставропольский край,215 000,7.7,160 000,1 714,689,13.05,перейти,215 000
Саратовская обл.,214 294,8.95,148 090,3 399,289,13.05,перейти,214 294
Кемеровская обл.,213 000,8.09,157 000,1 714,644,13.05,перейти,213 000
Алтайский край,208 492,9.08,156 209,1 406,668,13.05,перейти,208 492
Пермский край,191 822,7.44,144 064,1 728,635,13.05,перейти,191 822
Оренбургская обл.,191 000,9.83,12 905,2 158,362,13.05,перейти,191 000
Омская обл.,179 949,9.45,132 444,1 528,505,13.05,перейти,179 949
Крым,179 749,9.45,118 779,2 536,304,13.05,перейти,179 749
Ханты-Мансийский АО,170 692,10.11,102 269,4 195,160,11.05,перейти,179 082
Ленинградская обл.,154 214,8.15,113 868,3 399,233,13.05,перейти,154 214
Тульская обл.,152 000,10.49,117 000,2 571,223,11.05,перейти,157 142
Кировская обл.,142 921,11.43,107 820,1 411,342,13.05,перейти,142 921
Тюменская обл.,140 066,9.08,75 980,2 750,230,5.05,перейти,162 066
Забайкальский край,137 384,13.04,100 400,1 842,211,13.05,перейти,137 384
Липецкая обл.,125 000,11.08,102 000,714,615,11.05,перейти,126 428
Курская обл.,120 459,10.99,99 770,1 643,260,13.05,перейти,120 459
Тверская обл.,117 695,9.45,104 994,572,883,13.05,перейти,117 695
Ивановская обл.,116 616,11.81,93 936,477,790,13.05,перейти,116 616
Саха,114 933,11.7,94 287,935,402,13.05,перейти,114 933
Приморский край,114 231,6.08,84 122,1 167,707,12.05,перейти,115 398
Мордовия,113 135,14.52,89 364,774,357,13.05,перейти,113 135
Пензенская обл.,113 018,8.75,89 791,594,896,13.05,перейти,113 018
Брянская обл.,112 000,9.47,48 000,714,671,12.05,перейти,112 714
Ярославская обл.,108 000,8.7,79 110,1 143,449,13.05,перейти,108 000
Ульяновская обл.,104 997,8.62,79 144,523,964,11.05,перейти,106 043
Тамбовская обл.,103 515,10.41,79 757,838,470,13.05,перейти,103 515
Удмуртия,102 114,6.84,71 539,1 167,552,13.05,перейти,102 114
Архангельская обл.,98 777,9.12,68 363,2 606,170,13.05,перейти,98 777
Астраханская обл.,98 385,9.86,73 443,1 028,390,13.05,перейти,98 385
Калининградская обл.,95 296,9.36,67 784,982,422,11.05,перейти,97 260
Бурятия,93 584,9.5,62 000,1 655,241,13.05,перейти,93 584
Вологодская обл.,91 000,7.91,63 000,1 201,403,11.05,перейти,93 402
Хабаровский край,91 000,6.99,60 000,1 170,478,12.05,перейти,92 170
Владимирская обл.,90 570,6.75,71 770,653,889,12.05,перейти,91 223
Рязанская обл.,87 000,7.92,65 500,918,503,12.05,перейти,87 918
Амурская обл.,85 914,10.99,65 595,862,354,7.05,перейти,91 086
Калужская обл.,82 000,8.19,62 629,306,1 368,11.05,перейти,82 612
Чувашия,81 000,6.71,55 000,1 714,305,6.05,перейти,92 998
Коми,80 515,9.9,36 614,850,384,12.05,перейти,81 365
Томская обл.,80 135,7.49,57 137,611,745,11.05,перейти,81 357
Дагестан,76 706,2.45,19 949,888,1 678,13.05,перейти,76 706
Мурманская обл.,76 000,10.37,57 511,1 571,185,12.05,перейти,77 571
Курганская обл.,74 244,9.07,52 865,3 687,91,11.05,перейти,81 618
Смоленская обл.,70 046,7.6,56 309,426,917,13.05,перейти,70 046
Ямало-Ненецкий АО,68 212,12.47,44 558,1 173,175,12.05,перейти,69 385
Карелия,68 180,11.19,50 409,588,402,9.05,перейти,70 532
Сахалинская обл.,66 776,13.75,52 803,411,428,13.05,перейти,66 776
Орловская обл.,66 395,9.16,52 441,945,313,13.05,перейти,66 395
Чечня,63 626,4.25,25 498,1 089,629,7.05,перейти,70 160
Костромская обл.,61 754,9.83,43 981,376,671,13.05,перейти,61 754
Новгородская обл.,55 166,9.31,37 898,930,259,11.05,перейти,57 026
Севастополь,55 111,10.81,38 982,685,292,13.05,перейти,55 111
Псковская обл.,50 000,8.06,38 700,371,701,13.05,перейти,50 000
Марий Эл,49 629,7.35,37 315,516,558,12.05,перейти,50 145
Хакасия,47 745,8.97,36 268,407,536,13.05,перейти,47 745
Тыва,40 691,12.32,23 390,589,211,11.05,перейти,41 869
Северная Осетия,35 774,5.16,25 445,622,500,12.05,перейти,36 396
Калмыкия,34 000,12.59,10 000,571,177,11.05,перейти,35 142
Карачаево-Черкесия,33 591,7.22,19 034,504,395,13.05,перейти,33 591
Камчатский край,30 328,9.73,22 977,816,154,13.05,перейти,30 328
Кабардино-Балкария,29 147,3.35,22 700,450,901,13.05,перейти,29 147
Ингушетия,25 000,4.85,15 352,450,517,30.04,перейти,30 850
Алтай,22 529,10.2,17 648,140,628,13.05,перейти,22 529
Адыгея,20 955,4.52,15 500,462,456,30.04,перейти,26 961
Магаданская обл.,20 219,14.54,14 679,173,285,13.05,перейти,20 219
Чукотский АО,10 700,21.6,8 200,67,210,12.05,перейти,10 767
Еврейская АО,10 000,6.39,7 881,165,414,5.05,перейти,11 320
Ненецкий АО,6 952,15.66,4 938,118,129,12.05,перейти,7 070
