регион,"привито, чел.",% от насе-ления,"привито двумя комп., чел.","новых привитых, чел./день",дней до вакц. 50% нас.,обнов-лено,источник,"прогноз приви-тых, чел. *","2 комп./1 комп., %"
Москва,1 300 000,10.27,820 000,42 857,117,14.05,перейти,1 514 285,63.08
Московская обл.,900 000,11.68,340 938,10 000,295,11.05,перейти,980 000,37.88
Санкт-Петербург,632 212,11.74,533 174,5 058,407,19.05,перейти,632 212,84.33
Краснодарский край,464 892,8.18,210 680,7 127,334,14.05,перейти,500 527,45.32
Свердловская обл.,428 532,9.99,335 000,5 791,296,17.05,перейти,440 114,78.17
Ростовская обл.,386 533,9.24,283 021,6 504,262,19.05,перейти,386 533,73.22
Самарская обл.,349 000,11.06,273 000,2 714,452,18.05,перейти,351 714,78.22
Нижегородская обл.,317 000,9.98,252 000,3 286,387,19.05,перейти,317 000,79.5
Башкортостан,315 500,7.86,231 287,3 235,523,18.05,перейти,318 735,73.31
Татарстан,302 615,7.77,213 596,3 447,477,19.05,перейти,302 615,70.58
Белгородская обл.,263 026,17.07,196 844,3 210,158,19.05,перейти,263 026,74.84
Воронежская обл.,256 691,11.13,242 000,3 027,296,19.05,перейти,256 691,94.28
Красноярский край,253 932,8.89,191 109,2 999,391,18.05,перейти,256 931,75.26
Новосибирская обл.,253 000,9.08,178 000,2 696,423,14.05,перейти,266 480,70.36
Челябинская обл.,251 000,7.29,215 835,0,-,19.05,перейти,251 000,85.99
Волгоградская обл.,239 000,9.66,176 000,1 571,635,15.05,перейти,245 284,73.64
Иркутская обл.,234 844,9.89,167 475,2 939,324,19.05,перейти,234 844,71.31
Ставропольский край,231 626,8.29,180 621,2 766,421,19.05,перейти,231 626,77.98
Алтайский край,222 058,9.67,176 147,2 275,407,19.05,перейти,222 058,79.32
Саратовская обл.,218 054,9.1,169 074,1 040,942,19.05,перейти,218 054,77.54
Кемеровская обл.,213 307,8.1,157 000,1 758,628,14.05,перейти,222 097,73.6
Пермский край,206 346,8.0,161 275,2 502,433,19.05,перейти,206 346,78.16
Оренбургская обл.,205 574,10.58,12 905,2 597,295,19.05,перейти,205 574,6.28
Ханты-Мансийский АО,194 830,11.54,130 955,3 448,188,18.05,перейти,198 278,67.22
Омская обл.,189 393,9.95,147 818,1 778,429,19.05,перейти,189 393,78.05
Крым,187 367,9.85,133 690,1 886,405,19.05,перейти,187 367,71.35
Тюменская обл.,179 686,11.64,109 387,5 660,105,18.05,перейти,185 346,60.88
Тульская обл.,161 316,11.13,131 636,1 331,423,18.05,перейти,162 647,81.6
Ленинградская обл.,159 159,8.41,121 419,1 696,464,17.05,перейти,162 551,76.29
Кировская обл.,151 000,12.08,121 000,1 786,265,19.05,перейти,151 000,80.13
Забайкальский край,149 311,14.17,111 771,1 951,193,19.05,перейти,149 311,74.86
Липецкая обл.,132 400,11.74,112 600,1 057,408,18.05,перейти,133 457,85.05
Саха,128 500,13.09,100 010,2 172,167,19.05,перейти,128 500,77.83
Курская обл.,126 470,11.53,107 468,1 042,405,19.05,перейти,126 470,84.98
Приморский край,123 669,6.59,91 006,1 348,605,19.05,перейти,123 669,73.59
Тверская обл.,122 153,9.81,104 994,781,641,19.05,перейти,122 153,85.95
Ивановская обл.,121 628,12.32,101 428,863,431,19.05,перейти,121 628,83.39
Мордовия,120 546,15.48,99 206,1 232,218,19.05,перейти,120 546,82.3
Пензенская обл.,119 025,9.22,100 522,1 452,363,18.05,перейти,120 477,84.45
Брянская обл.,113 400,9.59,48 000,914,523,14.05,перейти,117 970,42.33
Ульяновская обл.,112 602,9.24,89 897,1 609,309,17.05,перейти,115 820,79.84
Тамбовская обл.,110 582,11.12,86 518,1 213,319,19.05,перейти,110 582,78.24
Ярославская обл.,109 259,8.8,87 974,1 323,387,17.05,перейти,111 905,80.52
Астраханская обл.,106 355,10.66,81 229,1 383,284,19.05,перейти,106 355,76.38
Архангельская обл.,105 587,9.75,79 617,1 664,262,19.05,перейти,105 587,75.4
Удмуртия,105 585,7.07,80 030,750,855,19.05,перейти,105 585,75.8
Калининградская обл.,103 000,10.11,80 000,1 101,369,19.05,перейти,103 000,77.67
Бурятия,101 831,10.33,68 476,2 833,138,14.05,перейти,115 996,67.24
Вологодская обл.,100 000,8.69,74 000,1 286,370,19.05,перейти,100 000,74.0
Хабаровский край,100 000,7.69,60 000,1 705,323,18.05,перейти,101 705,60.0
Владимирская обл.,96 000,7.15,80 000,776,741,19.05,перейти,96 000,83.33
Чувашия,93 000,7.7,69 000,1 714,298,18.05,перейти,94 714,74.19
Томская обл.,91 607,8.56,67 633,1 639,271,19.05,перейти,91 607,73.83
Рязанская обл.,91 460,8.33,75 590,637,718,19.05,перейти,91 460,82.65
Амурская обл.,91 270,11.67,73 735,765,392,17.05,перейти,92 800,80.79
Калужская обл.,87 613,8.75,68 430,1 088,379,17.05,перейти,89 789,78.1
Коми,86 980,10.69,63 585,924,346,19.05,перейти,86 980,73.1
Курганская обл.,81 500,9.96,60 000,1 500,219,17.05,перейти,84 500,73.62
Дагестан,81 315,2.6,19 949,847,1 754,19.05,перейти,81 315,24.53
Мурманская обл.,81 000,11.05,57 511,2 286,125,17.05,перейти,85 572,71.0
Смоленская обл.,74 982,8.14,61 807,712,542,19.05,перейти,74 982,82.43
Ямало-Ненецкий АО,74 000,13.53,56 000,827,241,19.05,перейти,74 000,75.68
Карелия,72 373,11.88,58 222,599,388,18.05,перейти,72 972,80.45
Сахалинская обл.,70 039,14.42,58 005,559,309,19.05,перейти,70 039,82.82
Орловская обл.,69 821,9.63,57 094,710,412,19.05,перейти,69 821,81.77
Чечня,65 000,4.34,45 000,196,3 490,18.05,перейти,65 196,69.23
Костромская обл.,64 328,10.24,43 981,455,549,19.05,перейти,64 328,68.37
Новгородская обл.,58 474,9.87,43 740,552,431,17.05,перейти,59 578,74.8
Севастополь,58 367,11.44,44 375,562,350,19.05,перейти,58 367,76.03
Псковская обл.,52 800,8.51,42 200,643,400,19.05,перейти,52 800,79.92
Марий Эл,51 089,7.57,40 648,441,650,14.05,перейти,53 294,79.56
Хакасия,50 715,9.53,40 527,569,378,19.05,перейти,50 715,79.91
Тыва,44 781,13.55,30 017,584,206,18.05,перейти,45 365,67.03
Северная Осетия,38 077,5.49,27 321,951,324,17.05,перейти,39 979,71.75
Карачаево-Черкесия,36 800,7.91,20 913,963,203,17.05,перейти,38 726,56.83
Калмыкия,34 685,12.85,25 443,669,150,15.05,перейти,37 361,73.35
Ингушетия,31 698,6.15,23 300,957,236,17.05,перейти,33 612,73.51
Камчатский край,31 064,9.97,24 106,286,436,17.05,перейти,31 636,77.6
Кабардино-Балкария,30 536,3.51,24 100,226,1 788,18.05,перейти,30 762,78.92
Алтай,23 764,10.76,18 551,233,372,18.05,перейти,23 997,78.06
Адыгея,22 943,4.95,15 500,284,735,15.05,перейти,24 079,67.56
Магаданская обл.,20 219,14.54,16 012,173,285,18.05,перейти,20 392,79.19
Еврейская АО,12 000,7.67,9 000,286,232,18.05,перейти,12 286,75.0
Чукотский АО,11 280,22.78,8 878,140,96,17.05,перейти,11 560,78.71
Ненецкий АО,7 000,15.77,5 300,43,353,17.05,перейти,7 086,75.71
