регион,"привито, чел.",% от насе-ления,"средний темп, чел./день","средний темп к нас., %",дней до вакц. 50% нас.,"привито двумя комп., чел.",обнов-лено,"2 комп./1 комп., %"
Москва,3 000 000,23.71,91 429,0.72,36,1 800 000,5.07,60.0
Московская обл.,1 800 000,23.35,51 174,0.66,40,1 000 000,5.07,55.56
Санкт-Петербург,953 640,17.71,14 259,0.26,122,724 357,4.07,75.96
Краснодарский край,812 296,14.29,10 957,0.19,185,599 754,2.07,73.83
Ростовская обл.,694 662,16.61,13 769,0.33,101,493 745,5.07,71.08
Свердловская обл.,676 263,15.76,9 408,0.22,156,504 019,5.07,74.53
Башкортостан,628 378,15.66,16 223,0.4,85,387 121,5.07,61.61
Татарстан,582 347,14.95,10 208,0.26,134,405 116,5.07,69.57
Самарская обл.,555 000,17.6,7 857,0.25,130,426 000,2.07,76.76
Нижегородская обл.,518 944,16.34,8 606,0.27,124,371 956,5.07,71.68
Белгородская обл.,497 724,32.29,8 431,0.55,32,341 430,5.07,68.6
Новосибирская обл.,466 858,16.76,7 985,0.29,116,329 250,5.07,70.52
Челябинская обл.,444 861,12.92,8 443,0.25,151,328 840,5.07,73.92
Волгоградская обл.,427 000,17.26,6 857,0.28,118,319 000,2.07,74.71
Кемеровская обл.,420 000,15.95,9 714,0.37,92,281 000,1.07,66.9
Воронежская обл.,409 000,17.74,6 461,0.28,115,304 264,5.07,74.39
Красноярский край,400 000,14.01,6 139,0.21,167,300 000,1.07,75.0
Саратовская обл.,393 600,16.43,6 490,0.27,124,279 687,5.07,71.06
Иркутская обл.,386 702,16.28,5 450,0.23,147,278 733,5.07,72.08
Ставропольский край,385 000,13.79,7 143,0.26,142,271 347,5.07,70.48
Ханты-Мансийский АО,365 000,21.63,5 117,0.3,94,270 000,5.07,73.97
Алтайский край,359 487,15.65,5 463,0.24,144,266 155,5.07,74.04
Пермский край,354 159,13.73,6 892,0.27,136,256 929,5.07,72.55
Оренбургская обл.,333 687,17.17,5 865,0.3,109,244 485,5.07,73.27
Тюменская обл.,326 000,21.12,5 286,0.34,84,229 000,1.07,70.25
Крым,323 000,16.99,4 012,0.21,156,249 000,2.07,77.09
Тульская обл.,309 102,21.33,9 300,0.64,45,197 221,5.07,63.8
Омская обл.,305 327,16.04,4 680,0.25,138,226 269,5.07,74.11
Чечня,300 852,20.08,13 836,0.92,32,83 535,4.07,27.77
Ленинградская обл.,268 927,14.21,4 837,0.26,140,194 484,5.07,72.32
Приморский край,240 544,12.81,4 579,0.24,153,167 402,5.07,69.59
Кировская обл.,222 000,17.76,2 715,0.22,148,173 000,1.07,77.93
Липецкая обл.,220 000,19.5,3 914,0.35,88,158 000,5.07,71.82
Саха,216 127,22.01,2 140,0.22,128,176 348,5.07,81.59
Пензенская обл.,208 773,16.17,4 300,0.33,102,147 054,5.07,70.44
Брянская обл.,204 817,17.32,3 757,0.32,103,77 441,5.07,37.81
Забайкальский край,204 015,19.37,1 622,0.15,199,166 727,5.07,81.72
Ульяновская обл.,202 643,16.63,3 463,0.28,117,145 399,5.07,71.75
Тверская обл.,202 061,16.22,4 688,0.38,90,153 993,5.07,76.21
Курская обл.,200 765,18.31,3 516,0.32,99,147 255,5.07,73.35
Удмуртия,198 504,13.29,4 153,0.28,132,145 065,3.07,73.08
Ивановская обл.,195 546,19.81,3 613,0.37,82,135 016,5.07,69.05
Бурятия,194 132,19.7,2 967,0.3,101,139 410,5.07,71.81
Астраханская обл.,190 028,19.05,3 126,0.31,99,134 537,5.07,70.8
Мордовия,187 328,24.05,2 574,0.33,79,144 865,5.07,77.33
Тамбовская обл.,181 206,18.22,2 758,0.28,115,134 127,5.07,74.02
Калининградская обл.,175 103,17.19,4 013,0.39,83,129 934,5.07,74.2
Вологодская обл.,171 000,14.86,3 571,0.31,113,128 000,5.07,74.85
Чувашия,170 000,14.07,3 536,0.29,123,123 000,5.07,72.35
Хабаровский край,167 812,12.9,2 488,0.19,194,126 960,5.07,75.66
Ярославская обл.,164 000,13.21,1 714,0.14,266,130 000,2.07,79.27
Томская обл.,163 353,15.26,3 062,0.29,121,116 353,5.07,71.23
Архангельская обл.,162 621,15.02,2 418,0.22,157,126 573,5.07,77.83
Дагестан,157 527,5.03,2 017,0.06,699,94 703,5.07,60.12
Курганская обл.,155 000,18.94,2 612,0.32,97,110 000,3.07,70.97
Калужская обл.,151 186,15.1,2 170,0.22,161,103 300,5.07,68.33
Коми,142 194,17.48,1 971,0.24,134,107 816,5.07,75.82
Рязанская обл.,140 000,12.75,2 178,0.2,188,112 000,5.07,80.0
Амурская обл.,136 427,17.45,1 918,0.25,133,105 313,3.07,77.19
Владимирская обл.,133 848,9.97,1 549,0.12,347,108 627,29.06,81.16
Смоленская обл.,133 268,14.47,3 020,0.33,108,93 438,5.07,70.11
Мурманская обл.,129 000,17.6,2 143,0.29,111,93 507,5.07,72.49
Сахалинская обл.,116 274,23.94,2 050,0.42,62,72 778,5.07,62.59
Ямало-Ненецкий АО,114 000,20.84,1 357,0.25,118,89 000,5.07,78.07
Орловская обл.,111 964,15.45,2 147,0.3,117,81 973,4.07,73.21
Карелия,100 033,16.42,902,0.15,227,81 385,30.06,81.36
Костромская обл.,98 345,15.65,1 397,0.22,155,72 955,5.07,74.18
Новгородская обл.,92 232,15.57,1 387,0.23,147,71 071,2.07,77.06
Севастополь,90 545,17.75,1 219,0.24,135,67 439,5.07,74.48
Хакасия,88 567,16.65,1 819,0.34,98,62 712,5.07,70.81
Псковская обл.,87 265,14.07,1 719,0.28,130,63 405,5.07,72.66
Марий Эл,86 355,12.79,1 889,0.28,133,60 976,2.07,70.61
Кабардино-Балкария,71 000,8.17,1 838,0.21,198,39 125,2.07,55.11
Ингушетия,70 645,13.7,1 283,0.25,146,50 235,5.07,71.11
Северная Осетия,70 000,10.1,1 143,0.16,242,46 859,5.07,66.94
Карачаево-Черкесия,65 000,13.97,757,0.16,222,50 285,3.07,77.36
Тыва,64 565,19.54,588,0.18,171,50 136,1.07,77.65
Адыгея,50 717,10.95,1 197,0.26,151,32 000,2.07,63.1
Калмыкия,44 000,16.3,333,0.12,273,44 000,29.06,100.0
Камчатский край,43 957,14.1,542,0.17,206,34 632,2.07,78.79
Алтай,40 766,18.45,559,0.25,125,30 633,5.07,75.14
Магаданская обл.,31 120,22.38,372,0.27,103,24 734,5.07,79.48
Еврейская АО,24 155,15.43,467,0.3,116,16 694,2.07,69.11
Чукотский АО,16 229,32.77,178,0.36,48,13 375,2.07,82.41
Ненецкий АО,10 500,23.65,79,0.18,148,8 920,30.06,84.95
