регион,"привито, чел.",% от насе-ления,% от плана ***,"привито двумя комп., чел.","новых привитых, чел./день",дней до вакц. 50% нас.,дней до вып. плана,обнов-лено,источник,"прогноз приви-тых, чел. *","2 комп./1 комп., %"
Москва,1 500 000,11.85,,1 300 000,14 286,338,,26.05,перейти,1 571 430,86.67
Московская обл.,1 075 000,13.95,26.88,1 000 000,5 000,556,585,31.05,перейти,1 075 000,93.02
Санкт-Петербург,687 097,12.76,57.26,573 186,4 907,409,105,30.05,перейти,692 004,83.42
Краснодарский край,550 548,9.69,20.39,428 231,6 389,359,336,28.05,перейти,569 715,77.78
Свердловская обл.,462 612,10.78,,380 913,2 991,562,,28.05,перейти,471 585,82.34
Ростовская обл.,442 098,10.57,26.01,331 432,4 161,396,302,31.05,перейти,442 098,74.97
Самарская обл.,400 000,12.68,26.67,300 000,3 571,330,308,31.05,перейти,400 000,75.0
Башкортостан,360 406,8.98,,274 381,3 032,543,,31.05,перейти,360 406,76.13
Татарстан,356 341,9.15,19.26,243 658,4 967,320,301,29.05,перейти,366 275,68.38
Нижегородская обл.,350 000,11.02,35.0,275 000,3 000,413,217,31.05,перейти,350 000,78.57
Белгородская обл.,304 586,19.76,40.61,222 083,3 415,136,130,31.05,перейти,304 586,72.91
Новосибирская обл.,302 708,10.87,23.29,226 416,3 287,332,303,28.05,перейти,312 569,74.8
Челябинская обл.,300 000,8.71,18.75,242 780,3 571,398,364,31.05,перейти,300 000,80.93
Волгоградская обл.,281 000,11.36,,217 994,6 000,159,,26.05,перейти,311 000,77.58
Воронежская обл.,277 000,12.01,23.53,226 000,2 901,302,310,27.05,перейти,288 604,81.59
Иркутская обл.,266 910,11.24,26.69,197 349,2 541,362,289,31.05,перейти,266 910,73.94
Кемеровская обл.,264 000,10.02,21.36,167 200,571,1 844,1 702,31.05,перейти,264 000,63.33
Ставропольский край,259 334,9.29,19.95,203 000,2 183,521,477,31.05,перейти,259 334,78.28
Красноярский край,253 932,8.89,19.53,191 109,2 999,391,349,18.05,перейти,292 919,75.26
Саратовская обл.,248 273,10.37,20.62,187 951,3 050,311,313,28.05,перейти,257 423,75.7
Алтайский край,248 271,10.81,22.57,198 747,2 210,407,385,31.05,перейти,248 271,80.05
Пермский край,235 196,9.12,,180 264,2 519,419,,31.05,перейти,235 196,76.64
Крым,224 079,11.78,19.64,166 429,5 245,139,175,28.05,перейти,239 814,74.27
Оренбургская обл.,223 882,11.52,25.0,12 905,2 163,346,311,27.05,перейти,232 534,5.76
Ханты-Мансийский АО,222 360,13.18,29.65,152 164,3 933,158,134,25.05,перейти,245 958,68.43
Тюменская обл.,215 429,13.96,,137 203,5 106,109,,28.05,перейти,230 747,63.69
Омская обл.,210 796,11.07,23.19,168 707,1 851,400,377,30.05,перейти,212 647,80.03
Ленинградская обл.,181 969,9.61,24.26,142 151,1 899,403,299,29.05,перейти,185 767,78.12
Тульская обл.,170 000,11.73,29.85,140 000,2 571,216,155,24.05,перейти,187 997,82.35
Саха,164 305,16.73,23.64,110 189,2 999,109,177,30.05,перейти,167 304,67.06
Забайкальский край,161 134,15.3,33.98,125 611,738,495,424,31.05,перейти,161 134,77.95
Кировская обл.,160 000,12.8,,123 000,1 286,362,,26.05,перейти,166 430,76.88
Приморский край,148 608,7.91,23.35,105 880,1 774,445,275,30.05,перейти,150 382,71.25
Курская обл.,138 117,12.6,24.23,115 763,985,416,438,31.05,перейти,138 117,83.82
Липецкая обл.,135 400,12.0,,120 000,0,-,,27.05,перейти,135 400,88.63
Мордовия,134 920,17.32,28.15,107 884,1 294,197,266,31.05,перейти,134 920,79.96
Пензенская обл.,133 000,10.3,20.89,111 000,1 043,491,483,31.05,перейти,133 000,83.46
Тверская обл.,132 973,10.68,,104 994,950,516,,31.05,перейти,132 973,78.96
Ульяновская обл.,132 169,10.85,28.36,101 798,1 386,344,241,31.05,перейти,132 169,77.02
Ивановская обл.,130 898,13.26,,109 665,826,439,,30.05,перейти,131 724,83.78
Брянская обл.,130 847,11.06,23.08,48 000,1 121,411,389,28.05,перейти,134 210,36.68
Тамбовская обл.,124 357,12.51,25.1,94 992,1 120,333,331,31.05,перейти,124 357,76.39
Астраханская обл.,123 321,12.36,29.02,92 203,1 436,262,210,31.05,перейти,123 321,74.77
Архангельская обл.,118 434,10.94,26.19,92 794,1 589,266,210,30.05,перейти,120 023,78.35
Ярославская обл.,117 104,9.43,,96 619,1 121,449,,24.05,перейти,124 951,82.51
Бурятия,117 000,11.87,,80 000,2 167,173,,24.05,перейти,132 169,68.38
Удмуртия,116 628,7.81,,89 034,1 008,625,,30.05,перейти,117 636,76.34
Вологодская обл.,115 000,9.99,21.1,87 000,1 143,403,376,31.05,перейти,115 000,75.65
Калининградская обл.,110 317,10.83,29.42,86 629,1 045,382,253,26.05,перейти,115 542,78.53
Хабаровский край,107 000,8.22,,70 000,1 500,362,,24.05,перейти,117 500,65.42
Чувашия,107 000,8.86,18.16,75 440,2 000,248,241,27.05,перейти,115 000,70.5
Владимирская обл.,102 480,7.64,17.08,84 000,926,614,537,26.05,перейти,107 110,81.97
Томская обл.,102 114,9.54,20.5,72 784,1 501,289,264,26.05,перейти,109 619,71.28
Рязанская обл.,100 000,9.11,18.48,80 000,1 220,368,362,26.05,перейти,106 100,80.0
Курганская обл.,99 544,12.16,,72 136,993,312,,31.05,перейти,99 544,72.47
Калужская обл.,99 129,9.9,20.37,79 303,888,452,436,31.05,перейти,99 129,80.0
Амурская обл.,98 208,12.56,27.07,78 213,991,295,267,25.05,перейти,104 154,79.64
Дагестан,93 734,2.99,11.99,19 949,536,2 748,1 284,31.05,перейти,93 734,21.28
Мурманская обл.,92 600,12.64,27.0,70 800,800,342,313,31.05,перейти,92 600,76.46
Коми,89 000,10.94,23.48,63 585,1 212,262,239,21.05,перейти,101 120,71.44
Смоленская обл.,85 768,9.31,,67 836,915,410,,31.05,перейти,85 768,79.09
Ямало-Ненецкий АО,82 807,15.14,33.94,65 914,687,278,235,31.05,перейти,82 807,79.6
Карелия,77 588,12.74,26.7,63 083,745,305,286,26.05,перейти,81 313,81.31
Чечня,77 000,5.14,13.8,45 000,1 429,470,337,27.05,перейти,82 716,58.44
Сахалинская обл.,75 981,15.65,32.56,64 289,500,334,315,31.05,перейти,75 981,84.61
Орловская обл.,74 550,10.29,20.97,61 408,645,446,436,28.05,перейти,76 485,82.37
Костромская обл.,68 852,10.96,,55 378,550,446,,28.05,перейти,70 502,80.43
Новгородская обл.,66 324,11.2,,53 561,637,361,,31.05,перейти,66 324,80.76
Севастополь,64 711,12.69,,52 222,580,328,,31.05,перейти,64 711,80.7
Псковская обл.,57 800,9.32,,46 300,529,477,,28.05,перейти,59 387,80.1
Хакасия,57 413,10.79,23.72,45 095,561,372,329,31.05,перейти,57 413,78.54
Марий Эл,57 238,8.48,18.05,47 180,556,504,468,28.05,перейти,58 906,82.43
Тыва,47 046,14.24,37.94,33 013,478,247,161,24.05,перейти,50 392,70.17
Карачаево-Черкесия,46 119,9.91,,30 875,1 009,185,,31.05,перейти,46 119,66.95
Северная Осетия,40 234,5.8,,29 409,637,481,,21.05,перейти,46 604,73.09
Кабардино-Балкария,36 000,4.14,,26 033,781,510,,30.05,перейти,36 781,72.31
Калмыкия,34 685,12.85,28.2,25 443,669,150,132,15.05,перейти,45 389,73.35
Камчатский край,33 884,10.87,22.89,28 687,205,595,557,31.05,перейти,33 884,84.66
Ингушетия,31 698,6.15,,23 300,957,236,,17.05,перейти,45 096,73.51
Адыгея,29 000,6.26,15.1,22 000,865,234,189,27.05,перейти,32 460,75.86
Алтай,26 464,11.98,31.55,19 938,279,301,206,27.05,перейти,27 580,75.34
Магаданская обл.,23 351,16.8,55.6,18 927,148,312,126,31.05,перейти,23 351,81.05
Еврейская АО,13 000,8.31,,9 700,143,456,,26.05,перейти,13 715,74.62
Чукотский АО,12 801,25.85,56.63,10 172,142,84,69,31.05,перейти,12 801,79.46
Ненецкий АО,7 500,16.9,,5 600,78,188,,20.05,перейти,8 358,74.67
