регион,"привито, чел.",% от насе-ления,% от плана ***,"привито двумя комп., чел.","новых привитых, чел./день",дней до вакц. 50% нас.,обнов-лено,источник,"прогноз приви-тых, чел. *","2 комп./1 комп., %"
Москва,1 400 000,11.06,,1 300 000,25 000,86,18.05,перейти,1 500 000,92.86
Московская обл.,900 000,11.68,22.5,340 938,10 000,295,11.05,перейти,1 010 000,37.88
Санкт-Петербург,649 986,12.07,,550 844,4 996,409,22.05,перейти,649 986,84.75
Краснодарский край,505 827,8.9,18.73,210 680,7 690,304,20.05,перейти,521 207,41.65
Свердловская обл.,441 678,10.3,,355 517,3 152,540,21.05,перейти,444 830,80.49
Ростовская обл.,408 686,9.77,24.04,306 190,5 926,284,22.05,перейти,408 686,74.92
Самарская обл.,367 000,11.64,,294 000,4 857,249,21.05,перейти,371 857,80.11
Татарстан,321 574,8.26,17.38,225 368,4 530,359,22.05,перейти,321 574,70.08
Нижегородская обл.,317 000,9.98,,252 000,3 286,387,19.05,перейти,326 858,79.5
Башкортостан,315 500,7.86,,231 287,3 235,523,18.05,перейти,328 440,73.31
Новосибирская обл.,279 698,10.04,,208 896,3 814,292,21.05,перейти,283 512,74.69
Белгородская обл.,276 043,17.91,36.81,209 388,3 497,141,22.05,перейти,276 043,75.85
Челябинская обл.,275 000,7.99,,226 960,3 429,422,22.05,перейти,275 000,82.53
Воронежская обл.,256 691,11.13,,242 000,3 027,296,19.05,перейти,265 772,94.28
Красноярский край,253 932,8.89,,191 109,2 999,391,18.05,перейти,265 928,75.26
Ставропольский край,242 000,8.67,,183 256,3 571,323,22.05,перейти,242 000,75.73
Иркутская обл.,241 682,10.18,,175 174,3 086,306,21.05,перейти,244 768,72.48
Кемеровская обл.,240 000,9.11,,167 200,3 813,282,21.05,перейти,243 813,69.67
Волгоградская обл.,239 000,9.66,43.98,176 000,1 571,635,15.05,перейти,249 997,73.64
Алтайский край,231 059,10.06,21.01,186 801,2 215,414,22.05,перейти,231 059,80.85
Саратовская обл.,226 926,9.47,,176 830,3 429,283,21.05,перейти,230 355,77.92
Пермский край,213 290,8.27,,167 759,2 066,521,22.05,перейти,213 290,78.65
Оренбургская обл.,208 740,10.74,,12 905,2 534,301,20.05,перейти,213 808,6.18
Омская обл.,196 713,10.33,,156 822,1 884,401,22.05,перейти,196 713,79.72
Ханты-Мансийский АО,194 830,11.54,,130 955,3 448,188,18.05,перейти,208 622,67.22
Крым,187 367,9.85,,133 690,1 886,405,19.05,перейти,193 025,71.35
Тюменская обл.,179 686,11.64,,129 000,1 599,370,21.05,перейти,181 285,71.79
Ленинградская обл.,168 679,8.91,,132 758,2 066,376,21.05,перейти,170 745,78.7
Тульская обл.,161 316,11.13,28.32,131 636,1 331,423,18.05,перейти,166 640,81.6
Забайкальский край,155 098,14.72,32.7,116 400,1 863,199,22.05,перейти,155 098,75.05
Кировская обл.,151 000,12.08,,123 000,1 154,411,20.05,перейти,153 308,81.46
Саха,140 858,14.34,,103 902,3 407,103,22.05,перейти,140 858,73.76
Приморский край,136 193,7.25,,98 000,1 996,402,22.05,перейти,136 193,71.96
Липецкая обл.,135 400,12.0,,116 200,1 486,288,20.05,перейти,138 372,85.82
Курская обл.,130 759,11.93,,111 507,1 050,398,22.05,перейти,130 759,85.28
Тверская обл.,125 674,10.09,,104 994,840,592,22.05,перейти,125 674,83.54
Ивановская обл.,124 735,12.64,,105 179,824,448,22.05,перейти,124 735,84.32
Мордовия,124 618,16.0,26.0,102 496,1 407,188,22.05,перейти,124 618,82.25
Брянская обл.,123 000,10.4,21.69,48 000,1 371,342,21.05,перейти,124 371,39.02
Пензенская обл.,119 025,9.22,,100 522,1 452,363,18.05,перейти,124 833,84.45
Ульяновская обл.,117 456,9.64,23.49,94 000,1 780,276,21.05,перейти,119 236,80.03
Тамбовская обл.,115 536,11.62,,90 331,1 243,307,22.05,перейти,115 536,78.18
Ярославская обл.,114 940,9.26,,94 488,991,510,21.05,перейти,115 931,82.21
Астраханская обл.,112 647,11.29,26.51,85 566,1 535,252,22.05,перейти,112 647,75.96
Удмуртия,109 575,7.34,,84 831,832,766,22.05,перейти,109 575,77.42
Архангельская обл.,107 310,9.91,23.73,81 718,1 219,356,20.05,перейти,109 748,76.15
Калининградская обл.,103 000,10.11,27.47,80 000,1 101,369,19.05,перейти,106 303,77.67
Бурятия,101 831,10.33,,68 476,2 833,138,14.05,перейти,124 495,67.24
Вологодская обл.,100 000,8.69,19.0,74 000,1 286,370,19.05,перейти,103 858,74.0
Хабаровский край,100 000,7.69,,70 000,1 000,551,21.05,перейти,101 000,70.0
Чувашия,97 820,8.1,16.6,72 473,2 403,211,21.05,перейти,100 223,74.09
Владимирская обл.,96 000,7.15,,80 000,776,741,19.05,перейти,98 328,83.33
Амурская обл.,95 119,12.17,26.22,78 213,1 315,225,21.05,перейти,96 434,82.23
Томская обл.,91 607,8.56,,67 633,1 639,271,19.05,перейти,96 524,73.83
Рязанская обл.,91 460,8.33,,80 000,237,1 931,21.05,перейти,91 697,87.47
Курганская обл.,90 165,11.01,,67 466,2 274,140,20.05,перейти,94 713,74.83
Калужская обл.,87 613,8.75,18.0,72 683,802,515,20.05,перейти,89 217,82.96
Коми,86 980,10.69,,63 585,924,346,19.05,перейти,89 752,73.1
Дагестан,86 054,2.75,,19 949,1 258,1 177,22.05,перейти,86 054,23.18
Мурманская обл.,81 000,11.05,,57 511,2 286,125,17.05,перейти,92 430,71.0
Смоленская обл.,78 792,8.55,,64 596,1 106,345,22.05,перейти,78 792,81.98
Ямало-Ненецкий АО,74 000,13.53,,56 000,827,241,19.05,перейти,76 481,75.68
Карелия,72 373,11.88,24.9,58 222,599,388,18.05,перейти,74 769,80.45
Сахалинская обл.,71 669,14.76,30.72,60 019,557,307,22.05,перейти,71 669,83.74
Орловская обл.,70 033,9.66,,58 120,520,562,20.05,перейти,71 073,82.99
Чечня,67 000,4.47,,45 000,482,1 415,20.05,перейти,67 964,67.16
Костромская обл.,65 391,10.41,,55 378,310,803,22.05,перейти,65 391,84.69
Новгородская обл.,61 442,10.37,,48 575,897,262,21.05,перейти,62 339,79.06
Севастополь,59 695,11.71,,48 402,543,360,21.05,перейти,60 238,81.08
Псковская обл.,54 100,8.72,,43 700,586,437,21.05,перейти,54 686,80.78
Марий Эл,53 348,7.9,,44 091,323,880,21.05,перейти,53 671,82.65
Хакасия,52 374,9.84,,41 814,582,367,21.05,перейти,52 956,79.84
Тыва,44 781,13.55,,30 017,584,206,18.05,перейти,47 117,67.03
Северная Осетия,40 234,5.8,,29 409,637,481,21.05,перейти,40 871,73.09
Карачаево-Черкесия,39 056,8.39,,24 797,781,248,20.05,перейти,40 618,63.49
Калмыкия,34 685,12.85,,25 443,669,150,15.05,перейти,39 368,73.35
Камчатский край,32 299,10.36,,26 428,282,438,21.05,перейти,32 581,81.82
Ингушетия,31 698,6.15,,23 300,957,236,17.05,перейти,36 483,73.51
Кабардино-Балкария,30 536,3.51,,24 100,226,1 788,18.05,перейти,31 440,78.92
Алтай,24 733,11.19,,19 280,260,330,21.05,перейти,24 993,77.95
Адыгея,22 943,4.95,,15 500,284,735,15.05,перейти,24 931,67.56
Магаданская обл.,21 426,15.41,,17 226,172,280,21.05,перейти,21 598,80.4
Еврейская АО,12 000,7.67,,9 700,286,232,21.05,перейти,12 286,80.83
Чукотский АО,11 807,23.84,52.23,8 878,158,82,21.05,перейти,11 965,75.19
Ненецкий АО,7 500,16.9,,5 600,78,188,20.05,перейти,7 656,74.67
