регион,"привито, чел.",% от насе-ления,"привито двумя комп., чел.","новых привитых, чел./день",дней до вакц. 50% нас.,обнов-лено,источник,"прогноз приви-тых, чел. *"
Москва,1 300 000,10.27,820 000,42 857,117,14.05,перейти,1 385 714
Московская обл.,900 000,11.68,340 938,10 000,295,11.05,перейти,950 000
Санкт-Петербург,619 580,11.51,518 527,4 180,496,16.05,перейти,619 580
Краснодарский край,464 892,8.18,210 680,7 127,334,14.05,перейти,479 146
Свердловская обл.,419 617,9.78,321 170,4 517,382,13.05,перейти,433 168
Ростовская обл.,370 944,8.87,265 192,5 371,320,16.05,перейти,370 944
Самарская обл.,333 000,10.56,254 000,3 571,348,13.05,перейти,343 713
Башкортостан,303 127,7.55,215 428,2 662,640,14.05,перейти,308 451
Нижегородская обл.,300 000,9.44,220 000,2 684,480,13.05,перейти,308 052
Татарстан,289 863,7.44,208 803,2 497,664,15.05,перейти,292 360
Белгородская обл.,254 261,16.5,189 215,2 370,218,16.05,перейти,254 261
Новосибирская обл.,253 000,9.08,178 000,2 696,423,14.05,перейти,258 392
Челябинская обл.,251 000,7.29,206 707,5 857,251,16.05,перейти,251 000
Воронежская обл.,245 000,10.63,201 000,3 571,254,14.05,перейти,252 142
Волгоградская обл.,239 000,9.66,176 000,1 571,635,15.05,перейти,240 571
Красноярский край,232 940,8.16,165 861,4 706,254,11.05,перейти,256 470
Иркутская обл.,226 943,9.56,158 125,2 738,351,16.05,перейти,226 943
Ставропольский край,217 000,7.77,160 000,1 857,635,14.05,перейти,220 714
Алтайский край,215 962,9.4,167 377,1 703,547,16.05,перейти,215 962
Кемеровская обл.,213 307,8.1,157 000,1 758,628,14.05,перейти,216 823
Саратовская обл.,202 923,8.47,154 066,1 775,560,14.05,перейти,206 473
Пермский край,200 045,7.76,154 158,2 060,529,16.05,перейти,200 045
Оренбургская обл.,200 000,10.29,12 905,3 444,224,15.05,перейти,203 444
Омская обл.,184 078,9.67,140 736,1 384,555,16.05,перейти,184 078
Крым,179 749,9.45,118 779,2 536,304,13.05,перейти,187 357
Ханты-Мансийский АО,170 692,10.11,102 269,4 195,160,11.05,перейти,191 667
Тюменская обл.,168 496,10.92,98 407,4 061,149,14.05,перейти,176 618
Ленинградская обл.,154 214,8.15,120 104,989,801,15.05,перейти,155 203
Тульская обл.,152 000,10.49,123 000,571,1 003,14.05,перейти,153 142
Кировская обл.,142 921,11.43,107 820,1 411,342,13.05,перейти,147 154
Забайкальский край,142 721,13.55,107 386,1 771,217,16.05,перейти,142 721
Липецкая обл.,125 000,11.08,102 000,714,615,11.05,перейти,128 570
Курская обл.,123 835,11.29,104 667,1 876,226,16.05,перейти,123 835
Приморский край,123 176,6.56,87 910,2 271,359,16.05,перейти,123 176
Саха,120 829,12.3,100 010,1 479,250,16.05,перейти,120 829
Тверская обл.,120 183,9.65,104 994,639,787,16.05,перейти,120 183
Ивановская обл.,119 265,12.08,97 913,649,577,16.05,перейти,119 265
Мордовия,114 945,14.76,92 919,782,351,16.05,перейти,114 945
Брянская обл.,113 400,9.59,48 000,914,523,14.05,перейти,115 228
Пензенская обл.,113 018,8.75,89 791,594,896,13.05,перейти,114 800
Ярославская обл.,108 000,8.7,79 110,1 143,449,13.05,перейти,111 429
Тамбовская обл.,107 369,10.8,83 010,1 067,365,16.05,перейти,107 369
Ульяновская обл.,104 997,8.62,79 144,523,964,11.05,перейти,107 612
Удмуртия,103 753,6.95,74 788,1 192,539,15.05,перейти,104 945
Астраханская обл.,102 526,10.28,77 653,1 104,359,16.05,перейти,102 526
Архангельская обл.,101 946,9.42,73 720,1 143,384,15.05,перейти,103 089
Бурятия,101 831,10.33,68 476,2 833,138,14.05,перейти,107 497
Калининградская обл.,99 023,9.72,74 363,1 515,271,15.05,перейти,100 538
Хабаровский край,96 500,7.42,60 000,1 205,460,15.05,перейти,97 705
Вологодская обл.,95 000,8.25,70 000,1 571,306,14.05,перейти,98 142
Владимирская обл.,90 570,6.75,71 770,653,889,12.05,перейти,93 182
Рязанская обл.,89 799,8.18,69 461,1 318,349,14.05,перейти,92 435
Амурская обл.,85 914,10.99,65 595,862,354,7.05,перейти,93 672
Калужская обл.,82 000,8.19,62 629,306,1 368,11.05,перейти,83 530
Чувашия,81 000,6.71,55 000,1 714,305,6.05,перейти,98 140
Коми,80 515,9.9,52 981,850,384,12.05,перейти,83 915
Томская обл.,80 135,7.49,57 137,611,745,11.05,перейти,83 190
Дагестан,78 189,2.5,19 949,1 012,1 471,16.05,перейти,78 189
Мурманская обл.,76 000,10.37,57 511,1 571,185,12.05,перейти,82 284
Курганская обл.,74 244,9.07,52 865,3 687,91,11.05,перейти,92 679
Смоленская обл.,72 983,7.92,59 632,634,611,16.05,перейти,72 983
Карелия,70 787,11.62,55 458,960,243,14.05,перейти,72 707
Ямало-Ненецкий АО,70 000,12.8,49 000,714,285,14.05,перейти,71 428
Сахалинская обл.,67 879,13.98,54 460,436,401,16.05,перейти,67 879
Орловская обл.,66 395,9.16,52 441,945,313,13.05,перейти,69 230
Чечня,63 626,4.25,25 498,1 089,629,7.05,перейти,73 427
Костромская обл.,63 410,10.09,43 981,411,610,16.05,перейти,63 410
Севастополь,55 894,10.96,40 638,797,250,14.05,перейти,57 488
Новгородская обл.,55 166,9.31,37 898,930,259,11.05,перейти,59 816
Псковская обл.,51 300,8.27,40 600,429,603,16.05,перейти,51 300
Марий Эл,51 089,7.57,40 648,441,650,14.05,перейти,51 971
Хакасия,48 299,9.08,37 519,380,573,14.05,перейти,49 059
Тыва,42 258,12.79,23 390,417,295,14.05,перейти,43 092
Северная Осетия,35 774,5.16,25 445,622,500,12.05,перейти,38 262
Карачаево-Черкесия,35 393,7.61,20 913,762,259,14.05,перейти,36 917
Калмыкия,34 685,12.85,25 443,669,150,15.05,перейти,35 354
Камчатский край,30 328,9.73,22 977,816,154,13.05,перейти,32 776
Кабардино-Балкария,29 147,3.35,22 700,450,901,13.05,перейти,30 497
Ингушетия,25 000,4.85,15 352,450,517,30.04,перейти,32 200
Алтай,23 328,10.56,18 799,180,484,16.05,перейти,23 328
Адыгея,22 943,4.95,15 500,284,735,15.05,перейти,23 227
Магаданская обл.,20 219,14.54,14 679,173,285,13.05,перейти,20 738
Чукотский АО,11 034,22.28,8 696,105,131,16.05,перейти,11 034
Еврейская АО,10 000,6.39,7 881,165,414,5.05,перейти,11 815
Ненецкий АО,6 952,15.66,4 938,118,129,12.05,перейти,7 424
