регион,"привито, чел.",% от насе-ления,"привито двумя комп., чел.","новых привитых, чел./день",дней до вакц. 50% нас.,обнов-лено,источник,"прогноз приви-тых, чел. *"
Москва,1 000 000,7.9,820 000,0,-,15.04,перейти,1 000 000
Московская обл.,750 000,9.73,340 938,21 429,145,22.04,перейти,835 716
Санкт-Петербург,537 313,9.98,391 418,5 536,389,25.04,перейти,542 849
Краснодарский край,363 420,6.39,210 680,7 360,337,23.04,перейти,385 500
Свердловская обл.,350 000,8.16,209 465,10 714,168,26.04,перейти,350 000
Ростовская обл.,289 292,6.92,147 101,6 143,293,26.04,перейти,289 292
Самарская обл.,266 000,8.43,170 000,5 143,255,22.04,перейти,286 572
Нижегородская обл.,249 695,7.86,152 267,5 528,242,23.04,перейти,266 279
Башкортостан,240 218,5.98,144 282,4 500,393,26.04,перейти,240 218
Татарстан,225 941,5.8,132 398,4 025,428,24.04,перейти,233 991
Белгородская обл.,208 486,13.53,123 425,4 913,114,25.04,перейти,213 399
Челябинская обл.,206 000,5.98,139 039,3 714,408,26.04,перейти,206 000
Воронежская обл.,202 783,8.8,131 543,3 398,280,22.04,перейти,216 375
Волгоградская обл.,192 000,7.76,90 000,4 571,229,23.04,перейти,205 713
Ставропольский край,184 000,6.59,103 000,3 714,326,25.04,перейти,187 714
Новосибирская обл.,179 000,6.43,102 000,3 832,317,22.04,перейти,194 328
Иркутская обл.,175 233,7.38,97 679,4 808,211,26.04,перейти,175 233
Алтайский край,173 802,7.57,99 176,3 199,305,26.04,перейти,173 802
Красноярский край,171 230,6.0,120 120,3 033,414,20.04,перейти,189 428
Кемеровская обл.,165 834,6.3,93 839,2 636,437,22.04,перейти,176 378
Пермский край,161 135,6.25,91 537,3 219,351,26.04,перейти,161 135
Саратовская обл.,158 228,6.61,101 425,3 117,333,22.04,перейти,170 696
Оренбургская обл.,154 154,7.93,12 905,4 806,170,23.04,перейти,168 572
Омская обл.,143 710,7.55,74 227,3 146,257,23.04,перейти,153 148
Крым,134 000,7.05,65 856,5 910,138,24.04,перейти,145 820
Тульская обл.,128 000,8.83,82 000,1 000,597,23.04,перейти,131 000
Ханты-Мансийский АО,123 953,7.34,64 545,5 016,144,24.04,перейти,133 985
Кировская обл.,123 000,9.84,64 000,2 812,179,24.04,перейти,128 624
Ленинградская обл.,120 638,6.37,70 353,2 199,375,22.04,перейти,129 434
Забайкальский край,111 244,10.56,60 844,2 377,175,25.04,перейти,113 621
Липецкая обл.,110 000,9.75,77 000,1 429,318,24.04,перейти,112 858
Тверская обл.,105 586,8.48,15 000,1 032,501,26.04,перейти,105 586
Саха,104 654,10.66,58 890,1 574,245,25.04,перейти,106 228
Ивановская обл.,103 659,10.5,68 071,1 295,301,25.04,перейти,104 954
Курская обл.,100 834,9.2,70 085,1 121,399,26.04,перейти,100 834
Тюменская обл.,100 713,6.53,54 093,2 630,255,21.04,перейти,113 863
Пензенская обл.,100 495,7.78,56 000,1 705,320,26.04,перейти,100 495
Брянская обл.,100 000,8.46,48 000,1 311,375,24.04,перейти,102 622
Мордовия,96 310,12.36,56 380,2 038,144,24.04,перейти,100 386
Приморский край,94 661,5.04,58 844,1 490,567,26.04,перейти,94 661
Ярославская обл.,90 380,7.28,60 817,1 769,300,26.04,перейти,90 380
Тамбовская обл.,89 446,8.99,58 631,1 162,351,26.04,перейти,89 446
Ульяновская обл.,88 847,7.29,52 367,2 401,217,23.04,перейти,96 050
Удмуртия,82 324,5.51,46 967,1 459,455,26.04,перейти,82 324
Астраханская обл.,79 540,7.97,46 381,1 438,292,24.04,перейти,82 416
Амурская обл.,74 934,9.58,49 232,2 005,158,23.04,перейти,80 949
Калининградская обл.,74 890,7.35,40 651,2 055,211,21.04,перейти,85 165
Владимирская обл.,74 000,5.51,51 000,1 000,597,22.04,перейти,78 000
Калужская обл.,72 164,7.21,48 728,934,459,26.04,перейти,72 164
Бурятия,72 000,7.31,45 000,2 400,175,23.04,перейти,79 200
Рязанская обл.,71 656,6.52,45 842,1 478,323,23.04,перейти,76 090
Хабаровский край,70 000,5.38,45 554,1 782,326,24.04,перейти,73 564
Томская обл.,66 191,6.18,39 483,2 473,190,23.04,перейти,73 610
Мурманская обл.,65 000,8.87,49 682,2 714,111,26.04,перейти,65 000
Вологодская обл.,63 000,5.47,35 540,2 050,250,20.04,перейти,75 300
Дагестан,62 360,1.99,19 949,1 463,1 028,26.04,перейти,62 360
Смоленская обл.,61 839,6.71,40 183,2 406,166,25.04,перейти,64 245
Архангельская обл.,60 000,5.54,40 000,1 143,421,16.04,перейти,71 430
Чувашия,59 443,4.92,36 884,1 492,365,19.04,перейти,69 887
Карелия,57 717,9.48,35 000,1 274,194,22.04,перейти,62 813
Сахалинская обл.,56 353,11.6,39 055,710,263,25.04,перейти,57 063
Орловская обл.,54 234,7.48,35 507,870,354,22.04,перейти,57 714
Чечня,53 000,3.54,25 498,1 286,541,22.04,перейти,58 144
Костромская обл.,50 000,7.96,33 000,860,307,21.04,перейти,54 300
Ямало-Ненецкий АО,50 000,9.14,30 000,1 500,149,23.04,перейти,54 500
Коми,49 953,6.14,29 011,1 708,209,19.04,перейти,61 909
Курганская обл.,48 438,5.92,30 482,1 344,268,14.04,перейти,64 566
Севастополь,45 312,8.88,22 900,1 339,157,26.04,перейти,45 312
Новгородская обл.,45 000,7.6,26 000,846,297,22.04,перейти,48 384
Псковская обл.,41 000,6.61,26 000,1 071,251,22.04,перейти,45 284
Хакасия,40 497,7.61,23 872,758,298,26.04,перейти,40 497
Марий Эл,40 000,5.92,22 000,1 241,240,22.04,перейти,44 964
Тыва,32 512,9.84,12 897,832,159,26.04,перейти,32 512
Калмыкия,30 000,11.11,10 000,1 099,96,22.04,перейти,34 396
Северная Осетия,26 376,3.81,14 914,469,683,20.04,перейти,29 190
Камчатский край,24 619,7.9,15 286,762,172,26.04,перейти,24 619
Кабардино-Балкария,24 200,2.78,15 100,314,1 307,22.04,перейти,25 456
Ингушетия,21 851,4.24,14 057,812,291,19.04,перейти,27 535
Карачаево-Черкесия,21 205,4.56,11 779,617,343,21.04,перейти,24 290
Адыгея,17 720,3.83,12 095,139,1 539,15.04,перейти,19 249
Алтай,17 494,7.92,9 578,472,197,22.04,перейти,19 382
Магаданская обл.,15 544,11.18,10 261,156,346,26.04,перейти,15 544
Еврейская АО,8 846,5.65,6 394,140,496,19.04,перейти,9 826
Чукотский АО,8 503,17.17,5 810,126,129,19.04,перейти,9 385
Ненецкий АО,5 220,11.76,3 634,74,229,22.04,перейти,5 516
