регион,"привито, чел.",% от насе-ления,% от плана ***,"привито двумя комп., чел.","новых привитых, чел./день",дней до вакц. 50% нас.,дней до вып. плана,обнов-лено,"2 комп./1 комп., %","план, % от нас."
Москва,1 500 000,11.85,23.78,1 300 000,14 286,338,336,26.05,86.67,49.83
Московская обл.,1 171 691,15.2,29.29,1 000 000,13 813,194,205,6.06,85.35,51.89
Санкт-Петербург,734 139,13.63,61.18,610 171,4 775,410,98,9.06,83.11,22.28
Краснодарский край,600 000,10.56,22.22,428 231,7 065,317,297,6.06,71.37,47.52
Свердловская обл.,506 414,11.8,29.79,425 463,4 142,396,288,10.06,84.01,39.61
Ростовская обл.,486 612,11.64,28.62,386 852,4 354,368,279,10.06,79.5,40.66
Самарская обл.,427 000,13.54,28.47,341 000,3 000,383,358,9.06,79.86,47.56
Татарстан,415 386,10.67,22.45,292 587,5 334,287,269,10.06,70.44,47.52
Башкортостан,395 258,9.85,19.76,312 409,2 879,560,557,10.06,79.04,49.84
Нижегородская обл.,378 000,11.9,37.8,309 000,4 000,303,156,9.06,81.75,31.48
Белгородская обл.,346 963,22.51,46.26,250 531,4 146,102,97,10.06,72.21,48.66
Новосибирская обл.,339 531,12.19,26.12,267 275,2 933,359,327,10.06,78.72,46.67
Красноярский край,335 000,11.73,25.77,191 109,11 581,94,83,1.06,57.05,45.52
Челябинская обл.,326 699,9.49,20.42,272 707,3 814,366,334,10.06,83.47,46.48
Волгоградская обл.,315 000,12.73,45.0,230 000,2 143,430,180,8.06,73.02,28.29
Воронежская обл.,315 000,13.66,26.76,256 000,3 218,260,268,10.06,81.27,51.04
Иркутская обл.,290 976,12.25,29.1,225 018,2 423,370,293,10.06,77.33,42.1
Саратовская обл.,283 266,11.83,23.53,216 695,2 815,325,327,10.06,76.5,50.28
Ставропольский край,281 842,10.09,21.68,225 980,2 406,463,423,10.06,80.18,46.54
Алтайский край,268 890,11.71,14.46,219 615,1 800,488,884,10.06,81.67,81.0
Ханты-Мансийский АО,266 309,15.78,35.51,192 309,2 533,228,191,9.06,72.21,44.44
Кемеровская обл.,264 000,10.02,21.36,167 200,571,1 844,1 702,31.05,63.33,46.91
Пермский край,258 483,10.02,21.54,204 572,2 293,450,411,10.06,79.14,46.52
Крым,252 146,13.26,22.1,182 301,2 754,254,323,9.06,72.3,60.0
Тюменская обл.,250 711,16.24,35.82,173 933,5 040,103,89,10.06,69.38,45.34
Оренбургская обл.,249 614,12.85,27.87,202 619,1 613,448,400,10.06,81.17,46.1
Омская обл.,229 720,12.07,25.27,185 610,1 848,391,368,10.06,80.8,47.76
Ленинградская обл.,199 828,10.56,26.64,153 052,1 839,406,299,10.06,76.59,39.63
Тульская обл.,196 000,13.53,27.0,155 500,3 714,142,143,7.06,79.34,50.11
Саха,182 000,18.53,26.18,128 000,1 219,253,421,10.06,70.33,70.77
Кировская обл.,179 160,14.33,25.06,149 222,1 166,382,460,10.06,83.29,57.19
Забайкальский край,172 450,16.37,36.36,143 116,1 112,319,271,10.06,82.99,45.02
Приморский край,168 115,8.95,26.42,118 672,1 806,427,259,10.06,70.59,33.88
Липецкая обл.,153 000,13.56,28.0,128 800,2 514,164,157,8.06,84.18,48.44
Курская обл.,147 797,13.48,27.68,125 988,940,426,411,10.06,85.24,48.7
Мордовия,147 108,18.89,30.69,120 321,1 081,224,307,10.06,81.79,61.55
Пензенская обл.,143 563,11.12,22.55,116 713,1 366,367,361,9.06,81.3,49.31
Ульяновская обл.,142 895,11.73,30.66,109 416,1 532,304,211,8.06,76.57,38.25
Брянская обл.,142 862,12.08,25.2,48 000,980,458,433,10.06,33.6,47.94
Тверская обл.,141 205,11.34,23.73,104 994,853,565,532,9.06,74.36,47.78
Бурятия,140 365,14.24,33.42,103 304,2 052,172,136,9.06,73.6,42.61
Ивановская обл.,138 654,14.05,32.15,117 930,659,538,444,10.06,85.05,43.7
Астраханская обл.,136 904,13.72,32.21,105 642,1 191,304,242,10.06,77.17,42.59
Тамбовская обл.,135 985,13.67,27.45,106 281,1 153,313,312,10.06,78.16,49.8
Ярославская обл.,130 961,10.55,21.59,106 904,1 980,247,240,7.06,81.63,48.86
Архангельская обл.,127 818,11.81,28.27,103 248,1 341,308,242,9.06,80.78,41.78
Удмуртия,127 584,8.54,28.35,102 432,1 371,452,235,10.06,80.29,30.12
Калининградская обл.,125 287,12.3,33.41,100 040,755,509,331,8.06,79.85,36.82
Хабаровский край,125 000,9.61,20.39,94 674,1 196,439,408,9.06,75.74,47.13
Чувашия,124 256,10.29,21.13,93 419,1 037,463,447,10.06,75.18,48.69
Вологодская обл.,124 000,10.77,22.92,96 000,1 286,351,324,8.06,77.42,46.99
Томская обл.,118 315,11.05,23.75,90 821,2 314,180,164,9.06,76.76,46.53
Рязанская обл.,115 000,10.47,21.25,87 718,1 429,304,298,10.06,76.28,49.28
Чечня,113 000,7.54,20.0,60 000,5 143,124,88,8.06,53.1,37.7
Владимирская обл.,112 830,8.41,18.81,93 893,1 479,377,329,10.06,83.22,44.72
Амурская обл.,108 088,13.82,29.8,86 000,709,399,359,9.06,79.56,46.38
Коми,106 966,13.15,28.22,79 506,2 424,124,112,10.06,74.33,46.59
Калужская обл.,106 500,10.64,21.84,84 457,1 053,374,362,7.06,79.3,48.72
Курганская обл.,106 066,12.96,27.23,77 176,1 925,158,147,4.06,72.76,47.6
Дагестан,104 076,3.32,7.71,19 949,999,1 464,1 247,10.06,19.17,43.06
Мурманская обл.,97 500,13.3,28.0,80 000,700,384,358,8.06,82.05,47.5
Смоленская обл.,93 500,10.15,20.19,75 522,889,413,416,10.06,80.77,50.28
Ямало-Ненецкий АО,90 000,16.45,36.89,72 500,786,233,196,10.06,80.56,44.6
Карелия,84 893,13.94,29.21,69 646,1 044,210,197,8.06,82.04,47.72
Орловская обл.,82 269,11.35,23.14,68 948,554,506,493,10.06,83.81,49.05
Сахалинская обл.,81 124,16.71,34.77,69 471,498,325,306,10.06,85.64,48.06
Костромская обл.,74 496,11.85,24.65,59 600,385,623,591,10.06,80.0,48.07
Новгородская обл.,73 060,12.33,25.43,59 196,962,232,223,10.06,81.02,48.49
Севастополь,69 319,13.59,31.65,57 368,447,415,335,10.06,82.76,42.93
Хакасия,63 287,11.9,26.15,49 349,667,304,268,10.06,77.98,45.5
Псковская обл.,63 000,10.16,20.6,51 000,443,558,548,9.06,80.95,49.31
Марий Эл,61 559,9.12,19.41,49 907,427,647,599,8.06,81.07,46.99
Тыва,53 231,16.11,42.83,40 907,884,127,80,9.06,76.85,37.62
Карачаево-Черкесия,50 402,10.83,23.33,37 149,418,436,396,9.06,73.71,46.41
Северная Осетия,49 972,7.21,15.63,38 173,631,470,428,10.06,76.39,46.14
Ингушетия,47 580,9.23,22.73,31 531,2 269,93,71,9.06,66.27,40.61
Кабардино-Балкария,39 906,4.59,10.05,29 424,558,707,640,7.06,73.73,45.65
Калмыкия,38 000,14.07,30.89,25 443,474,205,179,9.06,66.96,45.54
Камчатский край,35 312,11.33,23.86,30 774,140,861,805,9.06,87.15,47.49
Адыгея,30 443,6.57,15.85,22 000,492,409,329,1.06,72.27,41.46
Алтай,29 858,13.51,35.6,22 914,346,233,156,9.06,76.74,37.95
Магаданская обл.,25 170,18.1,59.93,20 727,260,171,65,10.06,82.35,30.2
Еврейская АО,14 500,9.27,20.11,11 000,214,298,269,2.06,75.86,46.09
Чукотский АО,13 491,27.24,59.68,11 120,99,114,92,8.06,82.43,45.64
Ненецкий АО,9 074,20.44,47.07,7 294,225,58,45,7.06,80.38,43.42
