регион,"привито, чел.",% от насе-ления,"привито двумя комп., чел.","новых привитых, чел./день",дней до вакц. 50% нас.,обнов-лено,источник,"прогноз приви-тых, чел. *"
Москва,1 000 000,7.9,820 000,0,-,15.04,перейти,1 000 000
Московская обл.,800 000,10.38,340 938,13 143,232,27.04,перейти,878 858
Санкт-Петербург,571 291,10.61,439 956,4 676,454,3.05,перейти,571 291
Краснодарский край,408 000,7.18,210 680,6 369,382,30.04,перейти,427 107
Свердловская обл.,374 864,8.74,235 674,4 552,389,30.04,перейти,388 520
Ростовская обл.,314 857,7.53,187 034,3 652,486,3.05,перейти,314 857
Самарская обл.,308 000,9.76,210 000,6 000,212,1.05,перейти,320 000
Нижегородская обл.,273 000,8.59,152 267,4 286,307,29.04,перейти,290 144
Башкортостан,262 480,6.54,164 006,4 365,400,30.04,перейти,275 575
Татарстан,255 274,6.56,157 081,4 190,404,1.05,перейти,263 654
Белгородская обл.,228 575,14.83,139 267,2 712,200,3.05,перейти,228 575
Воронежская обл.,220 000,9.54,150 000,2 460,379,29.04,перейти,229 840
Волгоградская обл.,218 000,8.81,121 000,3 714,274,30.04,перейти,229 142
Новосибирская обл.,214 390,7.7,126 590,5 056,233,30.04,перейти,229 558
Челябинская обл.,210 000,6.1,139 039,571,2 647,30.04,перейти,211 713
Красноярский край,200 000,7.0,120 120,4 110,299,30.04,перейти,212 330
Ставропольский край,200 000,7.16,120 000,2 714,441,1.05,перейти,205 428
Алтайский край,193 833,8.44,122 055,2 862,333,3.05,перейти,193 833
Иркутская обл.,192 516,8.11,114 874,2 469,403,3.05,перейти,192 516
Саратовская обл.,180 000,7.52,114 000,3 110,327,29.04,перейти,192 440
Кемеровская обл.,180 000,6.84,116 253,2 024,562,29.04,перейти,188 096
Пермский край,176 248,6.83,107 557,2 159,516,3.05,перейти,176 248
Оренбургская обл.,169 000,8.7,12 905,2 995,268,29.04,перейти,180 980
Омская обл.,163 103,8.57,95 444,2 770,285,1.05,перейти,168 643
Крым,162 000,8.52,80 000,5 574,142,30.04,перейти,178 722
Ханты-Мансийский АО,141 325,8.37,68 325,5 103,138,28.04,перейти,166 840
Тульская обл.,134 000,9.25,88 000,1 819,325,26.04,перейти,146 733
Ленинградская обл.,130 424,6.89,80 459,2 193,372,27.04,перейти,143 582
Кировская обл.,129 735,10.38,76 527,1 962,252,30.04,перейти,135 621
Забайкальский край,121 634,11.55,80 548,1 404,289,3.05,перейти,121 634
Тюменская обл.,120 817,7.83,60 207,3 845,169,27.04,перейти,143 887
Липецкая обл.,120 000,10.64,80 000,2 286,194,29.04,перейти,129 144
Тверская обл.,111 699,8.97,81 876,873,585,3.05,перейти,111 699
Ивановская обл.,111 249,11.27,79 877,1 059,361,3.05,перейти,111 249
Саха,107 719,10.97,70 361,438,875,3.05,перейти,107 719
Курская обл.,107 084,9.77,80 943,893,494,3.05,перейти,107 084
Пензенская обл.,105 094,8.14,65 376,1 757,308,29.04,перейти,112 122
Мордовия,105 067,13.49,71 524,1 251,227,2.05,перейти,106 318
Брянская обл.,104 896,8.87,48 000,1 128,431,28.04,перейти,110 536
Приморский край,103 855,5.53,72 362,1 610,519,1.05,перейти,107 075
Ярославская обл.,100 000,8.06,60 817,3 143,166,30.04,перейти,109 429
Ульяновская обл.,99 000,8.13,60 000,1 450,352,2.05,перейти,100 450
Тамбовская обл.,95 650,9.62,67 544,886,453,3.05,перейти,95 650
Астраханская обл.,88 201,8.84,57 467,1 125,365,3.05,перейти,88 201
Удмуртия,87 135,5.83,55 520,687,960,3.05,перейти,87 135
Калининградская обл.,87 000,8.54,52 882,1 730,244,1.05,перейти,90 460
Владимирская обл.,84 668,6.31,61 427,1 524,385,30.04,перейти,89 240
Вологодская обл.,82 593,7.18,50 205,2 799,176,30.04,перейти,90 990
Рязанская обл.,80 574,7.34,54 513,1 274,368,30.04,перейти,84 396
Архангельская обл.,80 538,7.44,49 585,2 934,157,29.04,перейти,92 274
Амурская обл.,79 878,10.22,56 965,983,316,29.04,перейти,83 810
Хабаровский край,78 000,5.99,45 554,1 418,404,29.04,перейти,83 672
Бурятия,76 547,7.77,46 424,3 050,136,26.04,перейти,97 897
Калужская обл.,73 184,7.31,48 728,1 080,396,27.04,перейти,79 664
Чувашия,70 000,5.8,44 980,1 508,354,1.05,перейти,73 016
Коми,69 875,8.59,36 614,2 846,118,29.04,перейти,81 259
Дагестан,67 948,2.17,19 949,877,1 709,2.05,перейти,68 825
Томская обл.,66 191,6.18,43 000,720,651,28.04,перейти,69 791
Смоленская обл.,65 637,7.13,44 751,543,727,2.05,перейти,66 180
Мурманская обл.,65 000,8.87,49 682,2 714,111,26.04,перейти,83 998
Карелия,64 067,10.52,39 838,907,265,29.04,перейти,67 695
Сахалинская обл.,62 016,12.77,44 531,664,272,3.05,перейти,62 016
Ямало-Ненецкий АО,60 000,10.97,34 000,1 429,149,30.04,перейти,64 287
Орловская обл.,59 779,8.25,41 019,792,382,29.04,перейти,62 947
Костромская обл.,57 678,9.18,41 986,1 097,234,2.05,перейти,58 775
Чечня,56 000,3.74,25 498,1 714,404,27.04,перейти,66 284
Севастополь,50 314,9.87,25 071,1 060,193,30.04,перейти,53 494
Новгородская обл.,48 653,8.21,28 340,952,260,26.04,перейти,55 317
Курганская обл.,48 438,5.92,30 482,1 344,268,14.04,перейти,73 974
Псковская обл.,45 500,7.34,32 000,643,412,2.05,перейти,46 143
Хакасия,43 276,8.13,27 495,607,367,30.04,перейти,45 097
Марий Эл,40 000,5.92,22 000,1 241,240,22.04,перейти,53 651
Тыва,36 570,11.07,19 745,1 087,118,2.05,перейти,37 657
Северная Осетия,31 422,4.53,20 326,721,437,30.04,перейти,33 585
Калмыкия,30 000,11.11,10 000,1 099,96,22.04,перейти,42 089
Карачаево-Черкесия,28 300,6.08,14 800,1 014,202,30.04,перейти,31 342
Кабардино-Балкария,26 000,2.99,15 100,374,1 093,28.04,перейти,27 870
Ингушетия,25 000,4.85,15 352,450,517,30.04,перейти,26 350
Камчатский край,24 619,7.9,15 476,762,172,26.04,перейти,29 953
Алтай,20 966,9.49,12 899,496,180,2.05,перейти,21 462
Адыгея,20 955,4.52,15 500,462,456,30.04,перейти,22 341
Магаданская обл.,15 544,11.18,11 711,156,346,30.04,перейти,16 012
Чукотский АО,10 229,20.65,7 157,247,59,30.04,перейти,10 970
Еврейская АО,8 846,5.65,6 394,140,496,19.04,перейти,10 806
Ненецкий АО,6 128,13.81,3 634,130,124,29.04,перейти,6 648
