регион,"привито, чел.",% от насе-ления,% от плана ***,"привито двумя комп., чел.","новых привитых, чел./день",дней до вакц. 50% нас.,обнов-лено,источник,"прогноз приви-тых, чел. *","2 комп./1 комп., %"
Москва,1 400 000,11.06,,1 300 000,25 000,86,18.05,перейти,1 550 000,92.86
Московская обл.,1 040 000,13.49,26.0,340 938,20 000,141,24.05,перейти,1 040 000,32.78
Санкт-Петербург,653 932,12.15,54.49,553 352,4 581,445,24.05,перейти,653 932,84.62
Краснодарский край,505 827,8.9,18.73,210 680,7 690,304,20.05,перейти,536 587,41.65
Свердловская обл.,441 678,10.3,,355 517,3 152,540,21.05,перейти,451 134,80.49
Ростовская обл.,412 973,9.88,24.29,308 155,5 718,293,24.05,перейти,412 973,74.62
Самарская обл.,375 000,11.89,25.0,300 000,6 000,200,24.05,перейти,375 000,80.0
Башкортостан,339 181,8.45,,253 438,4 098,407,24.05,перейти,339 181,74.72
Татарстан,323 674,8.31,17.5,226 987,4 586,354,24.05,перейти,323 674,70.13
Нижегородская обл.,317 000,9.98,,252 000,3 286,387,19.05,перейти,333 430,79.5
Белгородская обл.,280 679,18.21,37.42,209 982,3 541,138,24.05,перейти,280 679,74.81
Новосибирская обл.,279 698,10.04,,208 896,3 814,292,21.05,перейти,291 140,74.69
Челябинская обл.,275 000,7.99,,228 077,3 429,422,23.05,перейти,278 429,82.94
Кемеровская обл.,260 000,9.87,21.04,167 200,6 670,158,24.05,перейти,260 000,64.31
Воронежская обл.,256 691,11.13,,242 000,3 027,296,19.05,перейти,271 826,94.28
Красноярский край,253 932,8.89,,191 109,2 999,391,18.05,перейти,271 926,75.26
Иркутская обл.,249 121,10.49,,180 594,3 082,304,24.05,перейти,249 121,72.49
Ставропольский край,244 052,8.74,,190 394,3 007,383,24.05,перейти,244 052,78.01
Волгоградская обл.,239 000,9.66,,176 000,1 571,635,15.05,перейти,253 139,73.64
Алтайский край,232 798,10.14,21.16,188 389,2 367,387,24.05,перейти,232 798,80.92
Саратовская обл.,226 926,9.47,18.85,180 990,2 367,410,24.05,перейти,226 926,79.76
Ханты-Мансийский АО,218 000,12.92,29.07,130 955,6 758,93,24.05,перейти,218 000,60.07
Пермский край,217 566,8.44,,170 600,2 468,434,24.05,перейти,217 566,78.41
Оренбургская обл.,215 433,11.09,23.42,12 905,2 205,343,24.05,перейти,215 433,5.99
Омская обл.,198 238,10.41,,158 752,1 963,384,24.05,перейти,198 238,80.08
Крым,187 367,9.85,,133 690,1 886,405,19.05,перейти,196 797,71.35
Тюменская обл.,179 686,11.64,,129 000,1 599,370,21.05,перейти,184 483,71.79
Ленинградская обл.,172 026,9.09,11.0,135 762,1 838,421,24.05,перейти,172 026,78.92
Тульская обл.,170 000,11.73,29.85,140 000,2 571,216,24.05,перейти,170 000,82.35
Забайкальский край,155 970,14.81,32.89,116 977,1 938,191,24.05,перейти,155 970,75.0
Кировская обл.,151 000,12.08,,123 000,1 154,411,20.05,перейти,155 616,81.46
Саха,143 568,14.62,,104 443,3 113,112,24.05,перейти,143 568,72.75
Приморский край,137 229,7.31,,98 000,1 984,404,24.05,перейти,137 229,71.41
Липецкая обл.,135 400,12.0,,116 200,1 486,288,20.05,перейти,141 344,85.82
Курская обл.,131 222,11.97,23.02,111 641,1 038,402,24.05,перейти,131 222,85.08
Тверская обл.,126 321,10.14,,104 994,851,583,24.05,перейти,126 321,83.12
Мордовия,125 860,16.16,26.26,103 048,1 221,216,24.05,перейти,125 860,81.88
Пензенская обл.,125 700,9.74,,107 599,1 812,287,24.05,перейти,125 700,85.6
Ивановская обл.,125 249,12.69,,105 488,839,439,24.05,перейти,125 249,84.22
Брянская обл.,124 866,10.56,22.02,48 000,1 638,285,23.05,перейти,126 504,38.44
Ульяновская обл.,122 464,10.05,24.49,96 832,1 409,345,24.05,перейти,122 464,79.07
Ярославская обл.,117 104,9.43,,96 619,1 121,449,24.05,перейти,117 104,82.51
Тамбовская обл.,116 516,11.72,,90 782,1 260,302,24.05,перейти,116 516,77.91
Астраханская обл.,113 271,11.35,26.65,85 786,1 506,256,24.05,перейти,113 271,75.74
Удмуртия,109 575,7.34,,84 831,832,766,22.05,перейти,111 239,77.42
Архангельская обл.,107 310,9.91,23.73,81 718,1 219,356,20.05,перейти,112 186,76.15
Вологодская обл.,107 000,9.3,20.33,80 000,1 302,360,24.05,перейти,107 000,74.77
Хабаровский край,107 000,8.22,,70 000,1 500,362,24.05,перейти,107 000,65.42
Калининградская обл.,103 000,10.11,27.47,80 000,1 101,369,19.05,перейти,108 505,77.67
Бурятия,101 831,10.33,,68 476,2 833,138,14.05,перейти,130 161,67.24
Рязанская обл.,100 000,9.11,,80 000,1 220,368,24.05,перейти,100 000,80.0
Владимирская обл.,99 000,7.38,,82 000,1 204,475,24.05,перейти,99 000,82.83
Чувашия,97 820,8.1,16.6,72 473,2 403,211,21.05,перейти,105 029,74.09
Амурская обл.,95 119,12.17,26.22,78 213,1 315,225,21.05,перейти,99 064,82.23
Калужская обл.,92 910,9.28,19.09,72 683,757,538,24.05,перейти,92 910,78.23
Курганская обл.,92 590,11.31,,68 544,1 584,200,24.05,перейти,92 590,74.03
Томская обл.,91 607,8.56,,67 633,1 639,271,19.05,перейти,99 802,73.83
Дагестан,89 632,2.86,11.47,19 949,1 592,928,24.05,перейти,89 632,22.26
Коми,89 000,10.94,23.48,63 585,1 212,262,21.05,перейти,92 636,71.44
Мурманская обл.,87 000,11.87,,57 511,857,326,24.05,перейти,87 000,66.1
Смоленская обл.,79 365,8.62,,64 857,899,424,24.05,перейти,79 365,81.72
Ямало-Ненецкий АО,78 000,14.26,31.97,61 000,851,230,24.05,перейти,78 000,78.21
Карелия,76 152,12.5,26.2,62 222,766,298,24.05,перейти,76 152,81.71
Сахалинская обл.,72 478,14.92,31.06,60 429,577,295,24.05,перейти,72 478,83.38
Чечня,72 000,4.81,12.9,45 000,1 196,566,24.05,перейти,72 000,62.5
Орловская обл.,70 033,9.66,,58 120,520,562,20.05,перейти,72 113,82.99
Костромская обл.,66 258,10.54,,55 378,393,631,24.05,перейти,66 258,83.58
Новгородская обл.,61 862,10.44,,49 144,484,484,24.05,перейти,61 862,79.44
Севастополь,60 650,11.89,,49 526,521,373,24.05,перейти,60 650,81.66
Псковская обл.,54 800,8.84,,44 200,500,511,23.05,перейти,55 300,80.66
Хакасия,53 486,10.05,22.1,42 399,586,363,24.05,перейти,53 486,79.27
Марий Эл,53 348,7.9,,44 091,323,880,21.05,перейти,54 317,82.65
Тыва,47 046,14.24,37.94,33 013,478,247,24.05,перейти,47 046,70.17
Северная Осетия,40 234,5.8,,29 409,637,481,21.05,перейти,42 145,73.09
Карачаево-Черкесия,39 056,8.39,,24 797,781,248,20.05,перейти,42 180,63.49
Калмыкия,34 685,12.85,,25 443,669,150,15.05,перейти,40 706,73.35
Камчатский край,32 449,10.41,,27 032,198,623,24.05,перейти,32 449,83.31
Ингушетия,31 698,6.15,,23 300,957,236,17.05,перейти,38 397,73.51
Кабардино-Балкария,30 536,3.51,,24 100,226,1 788,18.05,перейти,31 892,78.92
Адыгея,27 000,5.83,,15 500,580,353,24.05,перейти,27 000,57.41
Алтай,25 394,11.49,30.28,19 450,292,291,24.05,перейти,25 394,76.59
Магаданская обл.,22 318,16.05,,17 686,300,157,24.05,перейти,22 318,79.25
Еврейская АО,12 000,7.67,,9 700,286,232,21.05,перейти,12 858,80.83
Чукотский АО,11 807,23.84,52.23,8 878,158,82,21.05,перейти,12 281,75.19
Ненецкий АО,7 500,16.9,,5 600,78,188,20.05,перейти,7 812,74.67
