регион,"привито, чел.",% от насе-ления,% от плана ***,"привито двумя комп., чел.","новых привитых, чел./день",дней до вакц. 50% нас.,дней до вып. плана,обнов-лено,"2 комп./1 комп., %","план, % от нас."
Москва,1 500 000,11.85,23.78,1 300 000,14 286,338,336,26.05,86.67,49.83
Московская обл.,1 171 691,15.2,29.29,1 000 000,13 813,194,205,6.06,85.35,51.89
Санкт-Петербург,722 000,13.41,60.17,600 000,4 846,407,99,7.06,83.1,22.29
Краснодарский край,600 000,10.56,22.22,428 231,7 065,317,297,6.06,71.37,47.52
Свердловская обл.,483 624,11.27,28.45,403 639,3 002,553,405,4.06,83.46,39.62
Ростовская обл.,469 494,11.23,27.62,365 895,3 914,414,314,7.06,77.93,40.66
Самарская обл.,423 000,13.41,28.2,341 000,3 286,351,328,7.06,80.61,47.55
Татарстан,395 155,10.15,21.36,280 334,5 545,280,262,7.06,70.94,47.52
Башкортостан,384 472,9.58,19.22,295 278,3 438,472,470,7.06,76.8,49.83
Нижегородская обл.,371 000,11.68,37.1,301 500,3 000,406,210,7.06,81.27,31.48
Красноярский край,335 000,11.73,25.77,191 109,11 581,94,83,1.06,57.05,45.52
Белгородская обл.,333 224,21.62,44.43,239 852,4 091,107,102,7.06,71.98,48.66
Новосибирская обл.,327 697,11.76,25.21,252 607,3 570,298,272,7.06,77.09,46.65
Волгоградская обл.,300 000,12.12,42.86,230 000,2 714,345,147,2.06,76.67,28.28
Челябинская обл.,300 000,8.71,18.75,260 923,0,-,,7.06,86.97,46.45
Воронежская обл.,292 476,12.69,24.85,233 800,2 854,301,310,2.06,79.94,51.07
Иркутская обл.,282 741,11.9,28.27,215 474,2 262,400,317,7.06,76.21,42.09
Ставропольский край,274 500,9.83,21.12,217 000,2 167,518,473,7.06,79.05,46.55
Кемеровская обл.,264 000,10.02,21.36,167 200,571,1 844,1 702,31.05,63.33,46.91
Саратовская обл.,263 561,11.0,21.89,205 922,2 184,428,431,7.06,78.13,50.25
Алтайский край,261 971,11.41,23.82,210 324,1 957,453,428,7.06,80.29,47.91
Пермский край,249 549,9.68,20.8,198 126,2 050,507,464,7.06,79.39,46.55
Ханты-Мансийский АО,248 576,14.73,33.14,169 381,3 745,159,134,2.06,68.14,44.44
Оренбургская обл.,241 386,12.42,26.95,192 146,2 501,292,262,7.06,79.6,46.08
Крым,232 866,12.25,20.41,170 076,3 221,223,282,2.06,73.04,60.02
Тюменская обл.,230 000,14.9,32.86,150 000,2 082,260,226,4.06,65.22,45.35
Омская обл.,222 300,11.68,24.46,178 740,1 643,444,418,7.06,80.4,47.76
Тульская обл.,196 000,13.53,27.0,155 500,3 714,142,143,7.06,79.34,50.11
Ленинградская обл.,195 644,10.34,26.09,153 052,1 954,384,284,7.06,78.23,39.64
Саха,177 935,18.12,25.6,121 706,1 891,166,273,7.06,68.4,70.79
Кировская обл.,171 000,13.68,23.92,140 000,1 571,289,346,3.06,81.87,57.2
Забайкальский край,168 220,15.97,35.47,135 697,1 012,354,302,7.06,80.67,45.02
Приморский край,160 966,8.57,25.29,118 672,1 765,441,269,7.06,73.72,33.88
Липецкая обл.,150 000,13.3,27.45,125 000,2 086,199,190,3.06,83.33,48.46
Курская обл.,144 381,13.17,25.33,121 510,1 178,343,361,6.06,84.16,51.99
Мордовия,142 751,18.33,29.78,115 397,1 119,220,301,7.06,80.84,61.54
Брянская обл.,139 316,11.78,24.57,48 000,1 210,374,353,6.06,34.45,47.94
Тверская обл.,139 203,11.18,23.4,104 994,890,543,512,7.06,75.43,47.79
Ульяновская обл.,139 000,11.41,29.83,106 000,1 812,259,180,4.06,76.26,38.25
Пензенская обл.,138 341,10.72,21.73,113 275,1 238,410,403,3.06,81.88,49.34
Ивановская обл.,136 104,13.79,31.56,114 472,744,480,397,7.06,84.11,43.69
Астраханская обл.,132 333,13.26,31.14,99 874,1 287,285,227,7.06,75.47,42.59
Тамбовская обл.,132 253,13.3,26.69,101 139,1 257,290,289,6.06,76.47,49.82
Ярославская обл.,130 961,10.55,21.59,106 904,1 980,247,240,7.06,81.63,48.86
Бурятия,126 000,12.79,30.0,80 000,1 286,285,229,2.06,63.49,42.63
Архангельская обл.,125 299,11.57,27.71,99 966,981,424,333,7.06,79.78,41.76
Удмуртия,125 287,8.39,27.84,99 457,1 237,502,263,7.06,79.38,30.13
Вологодская обл.,122 864,10.67,22.54,87 000,1 123,403,376,7.06,70.81,47.33
Хабаровский край,122 500,9.41,19.98,86 742,2 214,239,222,4.06,70.81,47.09
Калининградская обл.,121 307,11.91,32.35,95 270,1 570,247,162,3.06,78.54,36.82
Чувашия,117 000,9.69,19.9,75 440,1 984,245,237,2.06,64.48,48.7
Томская обл.,111 479,10.42,22.38,81 334,1 338,317,289,4.06,72.96,46.56
Владимирская обл.,108 846,8.11,18.14,90 802,909,618,540,4.06,83.42,44.71
Калужская обл.,106 500,10.64,21.88,84 457,1 053,374,361,7.06,79.3,48.63
Курганская обл.,106 066,12.96,27.23,77 176,1 925,158,147,4.06,72.76,47.6
Амурская обл.,106 000,13.56,29.22,86 000,1 113,256,231,4.06,81.13,46.41
Рязанская обл.,105 000,9.56,19.4,87 718,714,622,611,4.06,83.54,49.28
Коми,103 062,12.67,27.19,63 585,2 009,151,137,4.06,61.7,46.59
Чечня,101 051,6.75,18.1,60 000,3 436,189,133,4.06,59.38,37.28
Дагестан,99 949,3.19,12.79,19 949,888,1 652,768,7.06,19.96,24.95
Мурманская обл.,97 000,13.24,28.28,70 800,629,428,391,7.06,72.99,46.81
Смоленская обл.,90 746,9.85,19.59,72 170,711,520,524,7.06,79.53,50.28
Ямало-Ненецкий АО,84 500,15.45,34.63,67 000,929,203,172,2.06,79.29,44.61
Сахалинская обл.,79 265,16.32,33.97,67 195,469,349,329,7.06,84.77,48.04
Орловская обл.,78 388,10.82,22.05,64 705,775,366,358,2.06,82.54,49.08
Карелия,77 588,12.74,26.7,63 083,745,305,286,26.05,81.31,47.72
Костромская обл.,73 483,11.69,24.31,59 600,662,364,346,7.06,81.11,48.08
Новгородская обл.,70 076,11.83,24.39,56 311,536,422,405,7.06,80.36,48.5
Севастополь,67 754,13.29,30.94,55 342,435,430,348,7.06,81.68,42.96
Псковская обл.,62 200,10.03,20.34,50 100,629,394,387,7.06,80.55,49.31
Хакасия,61 205,11.5,25.29,47 576,542,378,334,7.06,77.73,45.47
Марий Эл,58 569,8.67,18.47,47 826,746,374,347,1.06,81.66,46.95
Карачаево-Черкесия,50 402,10.83,23.33,35 635,612,298,271,7.06,70.7,46.41
Тыва,50 080,15.16,40.39,36 077,433,266,171,4.06,72.04,37.54
Северная Осетия,45 555,6.57,14.24,33 443,760,396,361,2.06,73.41,46.12
Ингушетия,45 314,8.79,21.65,31 531,1 945,109,84,3.06,69.58,40.61
Кабардино-Балкария,39 906,4.59,10.05,29 424,558,707,640,7.06,73.73,45.65
Камчатский край,34 860,11.19,23.55,29 823,139,870,814,7.06,85.55,47.51
Калмыкия,34 685,12.85,28.2,25 443,669,150,132,15.05,73.35,45.57
Адыгея,30 443,6.57,15.85,22 000,492,409,329,1.06,72.27,41.46
Алтай,29 334,13.28,34.98,22 211,410,198,133,7.06,75.72,37.97
Магаданская обл.,23 351,16.8,55.6,20 241,0,-,,7.06,86.68,30.22
Еврейская АО,14 500,9.27,20.11,11 000,214,298,269,2.06,75.86,46.09
Чукотский АО,12 801,25.85,56.63,10 172,142,84,69,31.05,79.46,45.65
Ненецкий АО,9 074,20.44,47.07,7 294,225,58,45,7.06,80.38,43.42
