регион,"привито, чел.",% от насе-ления,% от плана ***,"привито двумя комп., чел.","новых привитых, чел./день",дней до вакц. 50% нас.,дней до вып. плана,обнов-лено,"2 комп./1 комп., %","план, % от нас."
Москва,2 000 000,15.8,31.71,1 500 000,30 612,141,141,22.06,75.0,49.83
Московская обл.,1 315 091,17.06,32.88,1 000 000,15 013,169,179,24.06,76.04,51.89
Санкт-Петербург,822 815,15.28,68.57,681 777,7 532,248,50,24.06,82.86,22.28
Краснодарский край,700 000,12.32,25.93,500 000,16 429,130,122,11.06,71.43,47.52
Свердловская обл.,566 810,13.21,37.79,460 000,6 116,258,153,23.06,81.16,34.96
Ростовская обл.,556 354,13.31,32.73,446 772,5 636,272,203,24.06,80.3,40.67
Татарстан,479 973,12.33,25.94,347 896,5 913,248,232,24.06,72.48,47.52
Башкортостан,475 453,11.85,23.77,356 798,9 133,168,167,24.06,75.04,49.85
Самарская обл.,468 000,14.84,31.2,390 000,4 179,265,247,21.06,83.33,47.56
Нижегородская обл.,432 800,13.62,28.34,338 000,4 304,268,254,24.06,78.1,48.05
Белгородская обл.,408 553,26.51,54.47,300 399,5 304,68,64,24.06,73.53,48.67
Новосибирская обл.,399 000,14.32,30.69,309 520,5 290,188,170,24.06,77.57,46.66
Волгоградская обл.,371 000,14.99,53.0,296 000,3 972,218,83,24.06,79.78,28.28
Челябинская обл.,358 000,10.4,22.38,303 936,2 608,523,476,24.06,84.9,46.48
Кемеровская обл.,352 000,13.37,28.48,257 200,6 068,159,146,24.06,73.07,46.95
Красноярский край,342 541,11.99,26.35,281 492,2 603,417,368,24.06,82.18,45.5
Иркутская обл.,332 212,13.99,33.22,258 036,3 932,218,170,24.06,77.67,42.11
Воронежская обл.,330 000,14.31,28.04,282 500,1 548,532,547,22.06,85.61,51.04
Саратовская обл.,327 314,13.67,27.19,251 912,3 763,231,233,24.06,76.96,50.28
Ставропольский край,315 000,11.28,24.23,250 000,3 000,360,328,24.06,79.37,46.55
Ханты-Мансийский АО,313 811,18.59,41.84,240 962,4 091,130,107,24.06,76.79,44.43
Алтайский край,298 692,13.01,16.06,245 630,3 053,278,511,23.06,82.24,81.02
Крым,290 927,15.3,25.5,225 000,3 147,210,270,24.06,77.34,60.0
Пермский край,289 070,11.21,24.09,234 865,2 765,362,329,24.06,81.25,46.54
Тюменская обл.,289 000,18.73,41.29,211 000,3 143,154,131,24.06,73.01,45.37
Оренбургская обл.,278 516,14.33,31.1,230 675,2 745,252,225,24.06,82.82,46.08
Омская обл.,256 159,13.46,28.18,208 435,2 171,320,301,24.06,81.37,47.76
Ленинградская обл.,224 575,11.87,29.94,180 260,2 159,334,243,24.06,80.27,39.64
Тульская обл.,219 200,15.13,30.2,176 137,1 947,260,260,21.06,80.35,50.11
Кировская обл.,200 000,16.0,27.97,164 000,1 638,260,314,23.06,82.0,57.2
Приморский край,195 987,10.44,30.8,144 697,2 475,300,178,24.06,73.83,33.9
Саха,195 268,19.89,28.09,161 469,1 050,282,476,24.06,82.69,70.8
Забайкальский край,188 566,17.9,39.76,155 990,1 701,199,168,24.06,82.72,45.02
Липецкая обл.,181 476,16.09,33.21,148 152,2 790,137,131,24.06,81.64,48.45
Чечня,175 671,11.73,31.09,83 535,4 744,121,82,24.06,47.55,37.73
Курская обл.,167 361,15.26,31.34,138 265,1 960,194,187,24.06,82.61,48.69
Мордовия,166 695,21.4,42.93,136 549,2 030,110,109,24.06,81.92,49.85
Пензенская обл.,166 071,12.86,26.08,133 096,1 727,278,272,23.06,80.14,49.3
Астраханская обл.,165 002,16.54,38.82,122 143,2 953,113,88,24.06,74.03,42.6
Бурятия,164 081,16.65,38.03,127 509,2 191,150,122,24.06,77.71,43.78
Брянская обл.,161 841,13.68,28.54,77 441,2 177,197,186,22.06,47.85,47.93
Ульяновская обл.,161 783,13.28,34.72,128 285,1 703,263,179,22.06,79.29,38.25
Ивановская обл.,161 730,16.39,37.5,128 572,2 558,130,105,24.06,79.5,43.7
Тверская обл.,159 959,12.84,26.88,104 994,1 737,266,250,24.06,65.64,47.76
Удмуртия,155 594,10.42,34.58,127 560,1 739,340,169,24.06,81.98,30.14
Тамбовская обл.,154 147,15.5,31.11,121 374,1 549,221,220,24.06,78.74,49.82
Ярославская обл.,147 000,11.84,24.23,115 000,1 505,315,305,22.06,78.23,48.86
Хабаровский край,142 219,10.93,23.2,113 050,1 579,322,298,23.06,79.49,47.11
Архангельская обл.,138 946,12.83,30.73,117 866,1 011,398,310,23.06,84.83,41.76
Калининградская обл.,138 230,13.57,36.86,115 503,1 019,364,232,23.06,83.56,36.81
Вологодская обл.,136 628,11.87,25.25,112 181,947,463,427,23.06,82.11,47.0
Владимирская обл.,136 497,10.17,22.75,103 000,2 786,192,166,24.06,75.46,44.7
Чувашия,134 000,11.09,22.79,93 419,975,482,466,21.06,69.72,48.66
Дагестан,132 563,4.23,9.82,19 949,2 342,612,520,24.06,15.05,43.08
Томская обл.,132 500,12.38,26.6,107 486,1 214,332,301,24.06,81.12,46.55
Рязанская обл.,126 000,11.47,23.28,87 718,1 143,370,363,23.06,69.62,49.27
Курганская обл.,123 000,15.03,31.58,98 000,804,356,332,22.06,79.67,47.6
Коми,122 308,15.03,32.27,99 596,1 509,189,170,24.06,81.43,46.57
Амурская обл.,119 000,15.22,32.8,99 181,922,295,264,22.06,83.35,46.4
Калужская обл.,118 932,11.88,24.39,95 200,1 036,368,356,22.06,80.05,48.71
Мурманская обл.,107 000,14.6,30.73,80 000,1 000,259,241,22.06,74.77,47.51
Смоленская обл.,105 602,11.46,22.8,86 291,1 148,309,312,24.06,81.71,50.27
Ямало-Ненецкий АО,97 000,17.73,39.75,82 000,667,265,220,24.06,84.54,44.6
Сахалинская обл.,96 458,19.86,41.34,72 778,1 655,88,83,24.06,75.45,48.04
Карелия,95 609,15.7,32.9,78 970,922,227,212,24.06,82.6,47.72
Орловская обл.,90 139,12.44,25.35,76 317,605,450,439,23.06,84.67,49.07
Костромская обл.,82 967,13.2,27.45,67 841,945,245,232,23.06,81.77,48.08
Новгородская обл.,82 159,13.87,28.6,66 728,953,225,215,24.06,81.22,48.5
Севастополь,77 691,15.23,35.48,64 134,804,221,176,24.06,82.55,42.93
Псковская обл.,71 700,11.56,23.45,58 400,750,318,312,24.06,81.45,49.3
Марий Эл,70 992,10.51,22.38,56 554,932,286,264,23.06,79.66,46.96
Хакасия,70 649,13.28,29.19,56 518,683,286,251,23.06,80.0,45.49
Тыва,57 957,17.54,46.63,43 458,337,318,197,23.06,74.98,37.61
Северная Осетия,56 815,8.2,17.77,41 422,649,446,405,23.06,72.91,46.16
Кабардино-Балкария,56 000,6.44,14.11,37 000,1 725,219,198,24.06,66.07,45.64
Карачаево-Черкесия,50 402,10.83,23.33,45 856,612,298,271,24.06,90.98,46.41
Ингушетия,47 580,9.23,22.73,31 531,438,480,369,9.06,66.27,40.61
Калмыкия,40 000,14.82,32.52,34 000,238,399,349,17.06,85.0,45.57
Адыгея,39 951,8.63,20.8,30 632,600,319,254,23.06,76.67,41.5
Камчатский край,39 416,12.65,26.63,33 468,400,291,271,24.06,84.91,47.5
Алтай,35 397,16.02,42.21,27 535,337,223,144,24.06,77.79,37.96
Магаданская обл.,25 993,18.7,61.89,23 468,118,369,136,24.06,90.29,30.22
Еврейская АО,20 419,13.05,28.32,14 690,390,148,133,24.06,71.94,46.08
Чукотский АО,14 749,29.78,65.25,12 069,120,83,65,23.06,81.83,45.64
Ненецкий АО,9 500,21.4,49.28,7 294,47,270,208,16.06,76.78,43.42
