регион,"привито, чел.",% от насе-ления,"привито двумя комп., чел.","новых привитых, чел./день",дней до вакц. 50% нас.,обнов-лено,источник,"прогноз приви-тых, чел. *"
Москва,1 000 000,7.9,820 000,0,-,15.04,перейти,1 000 000
Московская обл.,708 000,9.18,340 938,15 429,204,19.04,перейти,708 000
Санкт-Петербург,499 808,9.28,347 756,6 180,355,19.04,перейти,499 808
Краснодарский край,311 900,5.49,175 000,8 575,295,16.04,перейти,337 625
Свердловская обл.,275 000,6.41,174 000,4 714,397,16.04,перейти,289 142
Ростовская обл.,246 293,5.89,117 441,6 867,269,19.04,перейти,246 293
Самарская обл.,242 000,7.67,154 000,4 857,275,16.04,перейти,256 571
Нижегородская обл.,224 548,7.07,129 169,6 544,208,17.04,перейти,237 636
Башкортостан,208 716,5.2,120 452,4 531,397,19.04,перейти,208 716
Татарстан,201 236,5.17,114 425,3 806,459,19.04,перейти,201 236
Воронежская обл.,186 654,8.1,116 647,3 808,254,16.04,перейти,198 078
Челябинская обл.,180 000,5.23,114 580,2 857,540,19.04,перейти,180 000
Белгородская обл.,178 994,11.61,106 885,3 867,153,19.04,перейти,178 994
Волгоградская обл.,172 000,6.95,70 000,6 143,173,19.04,перейти,172 000
Ставропольский край,162 200,5.81,93 000,3 886,318,19.04,перейти,162 200
Новосибирская обл.,157 184,5.64,94 416,5 312,233,16.04,перейти,173 120
Красноярский край,155 456,5.44,110 579,2 419,526,14.04,перейти,167 551
Алтайский край,151 407,6.59,81 010,3 569,279,19.04,перейти,151 407
Кемеровская обл.,147 380,5.6,93 839,3 911,299,15.04,перейти,163 024
Саратовская обл.,147 263,6.15,95 450,3 036,346,19.04,перейти,147 263
Иркутская обл.,141 579,5.96,86 250,2 827,370,19.04,перейти,141 579
Пермский край,138 603,5.37,75 408,3 893,296,19.04,перейти,138 603
Омская обл.,128 948,6.77,65 059,3 364,245,19.04,перейти,128 948
Тульская обл.,121 268,8.37,74 805,3 610,167,19.04,перейти,121 268
Оренбургская обл.,120 510,6.2,12 905,4 177,204,14.04,перейти,141 395
Ленинградская обл.,105 244,5.56,61 320,2 333,361,15.04,перейти,114 576
Липецкая обл.,104 000,9.22,62 900,2 329,198,19.04,перейти,104 000
Кировская обл.,104 000,8.32,48 000,1 341,389,19.04,перейти,104 000
Тверская обл.,98 363,7.9,15 000,1 222,429,19.04,перейти,98 363
Брянская обл.,96 416,8.15,48 000,1 940,255,19.04,перейти,96 416
Забайкальский край,95 839,9.1,51 664,1 929,223,19.04,перейти,95 839
Ивановская обл.,94 820,9.61,60 439,1 476,270,19.04,перейти,94 820
Тюменская обл.,93 901,6.08,52 852,3 288,206,18.04,перейти,97 189
Саха,93 767,9.55,54 468,2 385,167,19.04,перейти,93 767
Курская обл.,92 988,8.48,60 972,1 297,351,19.04,перейти,92 988
Крым,92 633,4.87,61 430,2 340,367,13.04,перейти,106 673
Ханты-Мансийский АО,90 000,5.33,57 000,1 447,521,18.04,перейти,91 447
Пензенская обл.,88 563,6.86,43 384,2 737,203,19.04,перейти,88 563
Мордовия,87 525,11.24,50 118,1 714,176,19.04,перейти,87 525
Приморский край,84 234,4.49,54 389,1 457,587,18.04,перейти,85 691
Ульяновская обл.,82 560,6.78,48 117,1 936,272,19.04,перейти,82 560
Тамбовская обл.,81 309,8.18,53 386,1 344,309,19.04,перейти,81 309
Ярославская обл.,78 000,6.28,52 000,2 262,240,15.04,перейти,87 048
Удмуртия,72 108,4.83,42 667,2 077,325,19.04,перейти,72 108
Владимирская обл.,71 000,5.29,49 000,1 571,382,17.04,перейти,74 142
Амурская обл.,70 400,9.0,45 900,1 357,236,19.04,перейти,70 400
Астраханская обл.,70 154,7.03,39 469,1 557,275,19.04,перейти,70 154
Калужская обл.,65 627,6.56,42 541,804,541,19.04,перейти,65 627
Рязанская обл.,61 311,5.58,40 000,1 193,409,16.04,перейти,64 890
Калининградская обл.,60 505,5.94,33 130,2 558,175,13.04,перейти,75 853
Архангельская обл.,60 000,5.54,40 000,1 143,421,16.04,перейти,63 429
Чувашия,59 443,4.92,36 884,1 492,365,19.04,перейти,59 443
Хабаровский край,57 526,4.42,39 721,894,663,13.04,перейти,62 890
Вологодская обл.,55 550,4.83,35 540,1 464,355,14.04,перейти,62 870
Бурятия,55 200,5.6,41 200,743,589,15.04,перейти,58 172
Смоленская обл.,54 000,5.86,26 595,2 643,154,19.04,перейти,54 000
Сахалинская обл.,52 191,10.75,36 021,761,250,19.04,перейти,52 191
Дагестан,52 122,1.66,19 949,1 163,1 302,19.04,перейти,52 122
Карелия,52 049,8.55,32 532,1 450,174,16.04,перейти,56 399
Коми,49 953,6.14,29 011,1 708,209,19.04,перейти,49 953
Томская обл.,48 882,4.57,34 284,998,487,12.04,перейти,55 868
Курганская обл.,48 438,5.92,30 482,1 344,268,14.04,перейти,55 158
Орловская обл.,48 142,6.64,32 490,1 057,297,15.04,перейти,52 370
Мурманская обл.,46 000,6.28,29 000,857,374,19.04,перейти,46 000
Чечня,44 000,2.94,25 498,1 228,574,14.04,перейти,50 140
Костромская обл.,43 977,7.0,30 785,1 282,211,13.04,перейти,51 669
Новгородская обл.,41 988,7.09,24 154,877,290,19.04,перейти,41 988
Ямало-Ненецкий АО,41 000,7.5,28 000,857,271,17.04,перейти,42 714
Марий Эл,38 269,5.67,21 054,994,301,19.04,перейти,38 269
Псковская обл.,38 000,6.13,23 800,1 000,272,19.04,перейти,38 000
Севастополь,35 942,7.05,18 905,1 412,155,19.04,перейти,35 942
Хакасия,35 193,6.61,20 378,788,293,19.04,перейти,35 193
Калмыкия,27 000,10.0,7 000,1 000,108,16.04,перейти,30 000
Тыва,26 687,8.08,11 653,688,201,19.04,перейти,26 687
Северная Осетия,25 000,3.61,14 300,965,333,15.04,перейти,28 860
Кабардино-Балкария,22 000,2.53,13 000,429,962,15.04,перейти,23 716
Ингушетия,21 851,4.24,14 057,812,291,19.04,перейти,21 851
Карачаево-Черкесия,20 115,4.32,10 559,693,307,17.04,перейти,21 501
Камчатский край,19 287,6.19,14 735,382,357,14.04,перейти,21 197
Адыгея,17 720,3.83,12 095,139,1 539,15.04,перейти,18 276
Алтай,16 086,7.28,8 988,422,224,19.04,перейти,16 086
Магаданская обл.,14 455,10.4,9 035,338,163,19.04,перейти,14 455
Чукотский АО,8 503,17.17,5 810,126,129,19.04,перейти,8 503
Еврейская АО,7 869,5.03,5 864,220,320,9.04,перейти,10 069
Ненецкий АО,5 000,11.26,3 454,54,318,19.04,перейти,5 000
