регион,"привито, чел.",% от насе-ления,"привито двумя комп., чел.","новых привитых, чел./день",дней до вакц. 50% нас.,обнов-лено,источник,"прогноз приви-тых, чел. *"
Москва,1 000 000,7.9,820 000,0,-,15.04,перейти,1 000 000
Московская обл.,708 000,9.18,340 938,15 429,204,19.04,перейти,754 287
Санкт-Петербург,519 952,9.66,371 214,5 790,375,22.04,перейти,519 952
Краснодарский край,345 000,6.07,175 000,7 571,330,21.04,перейти,352 571
Свердловская обл.,275 000,6.41,174 000,4 714,397,16.04,перейти,303 284
Ростовская обл.,267 812,6.4,128 859,7 070,258,22.04,перейти,267 812
Самарская обл.,266 000,8.43,170 000,5 143,255,22.04,перейти,266 000
Нижегородская обл.,243 000,7.65,141 000,4 571,294,22.04,перейти,243 000
Башкортостан,225 592,5.62,131 928,4 496,396,22.04,перейти,225 592
Татарстан,215 133,5.52,129 061,3 968,436,22.04,перейти,215 133
Челябинская обл.,206 000,5.98,126 100,4 429,342,22.04,перейти,206 000
Воронежская обл.,202 783,8.8,131 543,3 398,280,22.04,перейти,202 783
Белгородская обл.,194 492,12.62,115 098,4 287,134,22.04,перейти,194 492
Новосибирская обл.,179 000,6.43,102 000,3 832,317,22.04,перейти,179 000
Волгоградская обл.,177 600,7.18,75 000,5 371,197,20.04,перейти,188 342
Ставропольский край,174 000,6.23,98 000,3 714,329,22.04,перейти,174 000
Красноярский край,171 230,6.0,120 120,3 033,414,20.04,перейти,177 296
Кемеровская обл.,165 834,6.3,93 839,2 636,437,22.04,перейти,165 834
Алтайский край,163 276,7.11,89 014,3 500,281,22.04,перейти,163 276
Иркутская обл.,160 751,6.77,91 455,4 559,225,22.04,перейти,160 751
Саратовская обл.,158 228,6.61,101 425,3 117,333,22.04,перейти,158 228
Пермский край,151 224,5.86,86 321,3 599,316,22.04,перейти,151 224
Оренбургская обл.,148 038,7.62,12 905,3 933,209,21.04,перейти,151 971
Омская обл.,140 262,7.37,71 816,3 209,253,22.04,перейти,140 262
Крым,122 980,6.47,65 856,4 335,191,21.04,перейти,127 315
Тульская обл.,121 268,8.37,74 805,3 610,167,19.04,перейти,132 098
Ленинградская обл.,120 638,6.37,70 353,2 199,375,22.04,перейти,120 638
Кировская обл.,111 310,8.9,55 000,1 416,363,22.04,перейти,111 310
Ханты-Мансийский АО,105 605,6.26,59 891,2 395,308,20.04,перейти,110 395
Забайкальский край,104 470,9.92,57 117,2 178,194,22.04,перейти,104 470
Липецкая обл.,104 000,9.22,62 900,2 329,198,19.04,перейти,110 987
Тверская обл.,101 994,8.19,15 000,1 074,485,22.04,перейти,101 994
Тюменская обл.,100 713,6.53,54 093,2 630,255,21.04,перейти,103 343
Саха,100 418,10.23,56 357,1 840,212,22.04,перейти,100 418
Ивановская обл.,99 905,10.12,65 246,1 337,294,22.04,перейти,99 905
Курская обл.,97 239,8.87,65 302,1 202,375,22.04,перейти,97 239
Брянская обл.,97 000,8.2,48 000,1 415,349,21.04,перейти,98 415
Мордовия,94 230,12.1,54 702,1 741,170,22.04,перейти,94 230
Пензенская обл.,92 792,7.19,47 039,1 827,302,21.04,перейти,94 619
Приморский край,90 000,4.79,58 844,1 407,603,22.04,перейти,90 000
Тамбовская обл.,85 293,8.58,56 050,1 282,321,22.04,перейти,85 293
Ульяновская обл.,83 000,6.81,50 000,1 566,336,22.04,перейти,83 000
Ярославская обл.,78 000,6.28,52 000,2 262,240,15.04,перейти,93 834
Удмуртия,76 286,5.11,45 766,1 689,397,22.04,перейти,76 286
Астраханская обл.,75 812,7.6,43 430,1 467,288,22.04,перейти,75 812
Калининградская обл.,74 890,7.35,40 651,2 055,211,21.04,перейти,76 945
Владимирская обл.,74 000,5.51,51 000,1 000,597,22.04,перейти,74 000
Амурская обл.,73 000,9.34,45 977,1 729,184,21.04,перейти,74 729
Рязанская обл.,70 000,6.37,40 000,1 241,386,22.04,перейти,70 000
Хабаровский край,68 077,5.23,45 554,1 507,387,21.04,перейти,69 584
Калужская обл.,65 627,6.56,42 541,804,541,19.04,перейти,68 039
Бурятия,65 573,6.65,42 364,1 871,228,20.04,перейти,69 315
Вологодская обл.,63 000,5.47,35 540,2 050,250,20.04,перейти,67 100
Томская обл.,61 151,5.71,36 955,1 753,270,20.04,перейти,64 657
Архангельская обл.,60 000,5.54,40 000,1 143,421,16.04,перейти,66 858
Мурманская обл.,59 751,8.15,38 939,2 822,109,21.04,перейти,62 573
Чувашия,59 443,4.92,36 884,1 492,365,19.04,перейти,63 919
Карелия,57 717,9.48,35 000,1 274,194,22.04,перейти,57 717
Дагестан,56 881,1.82,19 949,1 187,1 272,22.04,перейти,56 881
Сахалинская обл.,54 648,11.25,37 892,684,275,22.04,перейти,54 648
Орловская обл.,54 234,7.48,35 507,870,354,22.04,перейти,54 234
Смоленская обл.,54 000,5.86,26 595,2 643,154,19.04,перейти,61 929
Чечня,53 000,3.54,25 498,1 286,541,22.04,перейти,53 000
Костромская обл.,50 000,7.96,33 000,860,307,21.04,перейти,50 860
Коми,49 953,6.14,29 011,1 708,209,19.04,перейти,55 077
Курганская обл.,48 438,5.92,30 482,1 344,268,14.04,перейти,59 190
Новгородская обл.,45 000,7.6,26 000,846,297,22.04,перейти,45 000
Ямало-Ненецкий АО,45 000,8.23,28 000,1 190,192,21.04,перейти,46 190
Севастополь,41 449,8.13,20 747,1 562,137,22.04,перейти,41 449
Псковская обл.,41 000,6.61,26 000,1 071,251,22.04,перейти,41 000
Марий Эл,40 000,5.92,22 000,1 241,240,22.04,перейти,40 000
Хакасия,38 041,7.15,22 143,795,287,22.04,перейти,38 041
Калмыкия,30 000,11.11,10 000,1 099,96,22.04,перейти,30 000
Тыва,28 964,8.77,12 130,607,224,21.04,перейти,29 571
Северная Осетия,26 376,3.81,14 914,469,683,20.04,перейти,27 314
Кабардино-Балкария,24 200,2.78,15 100,314,1 307,22.04,перейти,24 200
Ингушетия,21 851,4.24,14 057,812,291,19.04,перейти,24 287
Карачаево-Черкесия,21 205,4.56,11 779,617,343,21.04,перейти,21 822
Камчатский край,21 024,6.75,15 286,248,544,21.04,перейти,21 272
Адыгея,17 720,3.83,12 095,139,1 539,15.04,перейти,18 693
Алтай,17 494,7.92,9 578,472,197,22.04,перейти,17 494
Магаданская обл.,14 455,10.4,9 515,182,303,22.04,перейти,14 455
Еврейская АО,8 846,5.65,6 394,140,496,19.04,перейти,9 266
Чукотский АО,8 503,17.17,5 810,126,129,19.04,перейти,8 881
Ненецкий АО,5 220,11.76,3 634,74,229,22.04,перейти,5 220
