регион,"привито, чел.",% от насе-ления,"привито двумя комп., чел.","новых привитых, чел./день",дней до вакц. 50% нас.,обнов-лено,источник,"прогноз приви-тых, чел. *"
Москва,1 000 000,7.9,820 000,0,-,15.04,перейти,1 000 000
Московская обл.,830 000,10.77,340 938,4 286,706,4.05,перейти,838 572
Санкт-Петербург,580 463,10.78,460 540,3 309,638,6.05,перейти,580 463
Краснодарский край,408 000,7.18,210 680,6 369,382,30.04,перейти,446 214
Свердловская обл.,387 996,9.04,260 581,3 119,563,5.05,перейти,391 115
Ростовская обл.,323 187,7.73,201 950,2 601,680,6.05,перейти,323 187
Самарская обл.,308 000,9.76,220 000,4 286,296,4.05,перейти,316 572
Нижегородская обл.,281 211,8.85,193 089,3 459,378,4.05,перейти,288 129
Башкортостан,279 316,6.96,186 426,3 983,434,6.05,перейти,279 316
Татарстан,263 755,6.77,183 480,2 937,573,6.05,перейти,263 755
Белгородская обл.,233 166,15.13,150 055,1 629,330,6.05,перейти,233 166
Новосибирская обл.,229 855,8.25,145 939,3 122,373,6.05,перейти,229 855
Волгоградская обл.,224 280,9.06,138 736,3 469,292,5.05,перейти,227 749
Красноярский край,221 354,7.75,151 801,7 161,168,6.05,перейти,221 354
Воронежская обл.,220 000,9.54,150 000,2 460,379,29.04,перейти,237 220
Челябинская обл.,210 000,6.1,139 039,571,2 647,30.04,перейти,213 426
Ставропольский край,203 000,7.27,139 000,1 714,696,6.05,перейти,203 000
Кемеровская обл.,201 000,7.63,136 000,3 244,344,5.05,перейти,204 244
Алтайский край,198 651,8.65,133 496,1 783,533,6.05,перейти,198 651
Иркутская обл.,196 983,8.29,120 684,1 550,639,6.05,перейти,196 983
Саратовская обл.,190 500,7.95,129 000,1 500,671,6.05,перейти,190 500
Пермский край,179 725,6.97,120 633,1 233,900,6.05,перейти,179 725
Оренбургская обл.,175 893,9.05,12 905,3 106,256,4.05,перейти,182 105
Омская обл.,169 254,8.89,111 170,1 700,460,6.05,перейти,169 254
Крым,162 000,8.52,80 000,5 574,142,30.04,перейти,195 444
Ханты-Мансийский АО,159 000,9.42,90 990,2 525,271,5.05,перейти,161 525
Тульская обл.,148 000,10.21,107 000,2 000,288,5.05,перейти,150 000
Тюменская обл.,140 066,9.08,75 980,2 750,230,5.05,перейти,142 816
Кировская обл.,133 042,10.64,89 502,1 435,343,6.05,перейти,133 042
Ленинградская обл.,130 424,6.89,80 459,2 193,372,27.04,перейти,150 161
Забайкальский край,124 492,11.82,84 922,878,458,6.05,перейти,124 492
Липецкая обл.,121 200,10.74,91 400,886,500,5.05,перейти,122 086
Тверская обл.,113 694,9.13,104 994,646,788,6.05,перейти,113 694
Ивановская обл.,113 278,11.48,85 250,723,526,6.05,перейти,113 278
Курская обл.,108 958,9.94,86 034,789,557,6.05,перейти,108 958
Пензенская обл.,108 860,8.43,75 533,1 195,449,4.05,перейти,111 250
Саха,108 389,11.04,80 149,259,1 477,6.05,перейти,108 389
Мордовия,107 720,13.83,77 971,647,435,6.05,перейти,107 720
Приморский край,107 277,5.71,76 942,1 073,775,6.05,перейти,107 277
Брянская обл.,107 000,9.05,48 000,301,1 609,5.05,перейти,107 301
Ульяновская обл.,101 337,8.32,68 235,1 239,410,4.05,перейти,103 815
Ярославская обл.,100 000,8.06,60 817,3 143,166,30.04,перейти,118 858
Тамбовская обл.,97 652,9.82,71 454,618,647,6.05,перейти,97 652
Удмуртия,93 945,6.29,59 722,1 263,517,5.05,перейти,95 208
Астраханская обл.,91 186,9.14,63 052,819,498,6.05,перейти,91 186
Калининградская обл.,88 421,8.68,56 641,917,459,4.05,перейти,90 255
Владимирская обл.,86 000,6.41,64 000,1 571,372,5.05,перейти,87 571
Вологодская обл.,84 000,7.3,52 000,1 235,398,5.05,перейти,85 235
Хабаровский край,82 809,6.36,45 554,1 116,509,4.05,перейти,85 041
Бурятия,82 000,8.32,53 000,779,527,6.05,перейти,82 000
Чувашия,81 000,6.71,55 000,1 714,305,6.05,перейти,81 000
Рязанская обл.,80 574,7.34,54 513,1 274,368,30.04,перейти,88 218
Архангельская обл.,80 538,7.44,49 585,2 934,157,29.04,перейти,101 076
Амурская обл.,80 000,10.23,56 965,724,429,5.05,перейти,80 724
Калужская обл.,80 000,7.99,60 000,974,432,6.05,перейти,80 000
Томская обл.,75 855,7.09,48 640,1 381,333,4.05,перейти,78 617
Коми,74 562,9.16,36 614,959,346,5.05,перейти,75 521
Курганская обл.,71 000,8.67,47 000,3 223,105,5.05,перейти,74 223
Дагестан,70 493,2.25,19 949,744,2 011,6.05,перейти,70 493
Смоленская обл.,67 066,7.28,49 226,631,624,6.05,перейти,67 066
Орловская обл.,65 512,9.04,45 311,819,362,6.05,перейти,65 512
Мурманская обл.,65 000,8.87,49 682,2 714,111,26.04,перейти,92 140
Ямало-Ненецкий АО,65 000,11.88,40 000,857,243,6.05,перейти,65 000
Карелия,64 067,10.52,39 838,907,265,29.04,перейти,70 416
Сахалинская обл.,63 898,13.16,47 772,508,352,6.05,перейти,63 898
Чечня,62 000,4.14,25 498,857,802,4.05,перейти,63 714
Костромская обл.,59 124,9.41,43 981,585,436,6.05,перейти,59 124
Новгородская обл.,53 832,9.09,35 490,740,328,5.05,перейти,54 572
Севастополь,50 314,9.87,25 071,1 060,193,30.04,перейти,56 674
Марий Эл,46 019,6.81,30 280,860,339,4.05,перейти,47 739
Псковская обл.,45 500,7.34,32 000,643,412,2.05,перейти,48 072
Хакасия,44 898,8.44,31 048,306,723,6.05,перейти,44 898
Тыва,37 589,11.38,19 745,725,176,5.05,перейти,38 314
Северная Осетия,31 422,4.53,20 326,721,437,30.04,перейти,35 748
Карачаево-Черкесия,30 062,6.46,14 800,555,365,5.05,перейти,30 617
Калмыкия,30 000,11.11,10 000,1 099,96,22.04,перейти,45 386
Кабардино-Балкария,26 000,2.99,15 100,374,1 093,28.04,перейти,28 992
Ингушетия,25 000,4.85,15 352,450,517,30.04,перейти,27 700
Камчатский край,24 619,7.9,15 476,762,172,26.04,перейти,32 239
Алтай,21 548,9.75,14 284,257,346,6.05,перейти,21 548
Адыгея,20 955,4.52,15 500,462,456,30.04,перейти,23 727
Магаданская обл.,19 010,13.67,12 851,495,102,6.05,перейти,19 010
Чукотский АО,10 300,20.8,7 157,94,154,6.05,перейти,10 300
Еврейская АО,10 000,6.39,7 881,165,414,5.05,перейти,10 165
Ненецкий АО,6 700,15.09,3 634,82,189,6.05,перейти,6 700
