регион,"привито, чел.",% от насе-ления,% от плана ***,"привито двумя комп., чел.","новых привитых, чел./день",дней до вакц. 50% нас.,дней до вып. плана,обнов-лено,"2 комп./1 комп., %","план, % от нас."
Москва,2 000 000,15.8,31.71,1 500 000,30 612,141,141,22.06,75.0,49.83
Московская обл.,1 342 607,17.42,33.57,1 000 000,18 230,138,146,25.06,74.48,51.9
Санкт-Петербург,834 932,15.51,69.58,687 246,8 126,229,45,25.06,82.31,22.29
Краснодарский край,735 000,12.93,27.22,500 000,2 500,843,786,25.06,68.03,47.5
Свердловская обл.,585 448,13.65,39.03,460 000,7 554,206,121,25.06,78.57,34.97
Ростовская обл.,570 564,13.65,33.56,453 194,6 666,228,169,25.06,79.43,40.67
Самарская обл.,500 000,15.85,33.33,390 000,6 572,164,152,25.06,78.0,47.55
Татарстан,490 877,12.61,26.53,360 935,6 227,234,218,25.06,73.53,47.52
Башкортостан,489 475,12.19,24.47,361 507,10 190,149,148,25.06,73.86,49.81
Нижегородская обл.,443 500,13.96,29.04,338 000,5 500,208,197,25.06,76.21,48.07
Белгородская обл.,416 443,27.02,55.53,305 070,5 672,62,59,25.06,73.26,48.66
Новосибирская обл.,399 000,14.32,30.69,309 520,5 290,188,170,24.06,77.57,46.66
Волгоградская обл.,379 000,15.32,54.14,300 000,4 657,184,69,25.06,79.16,28.3
Кемеровская обл.,363 100,13.79,29.38,257 200,6 871,139,127,25.06,70.83,46.94
Челябинская обл.,358 000,10.4,22.38,306 530,2 608,523,476,25.06,85.62,46.48
Красноярский край,342 541,11.99,26.35,281 492,2 603,417,368,24.06,82.18,45.5
Иркутская обл.,338 409,14.25,33.84,261 156,3 998,212,165,25.06,77.17,42.11
Саратовская обл.,335 529,14.01,27.87,255 765,4 552,189,191,25.06,76.23,50.27
Воронежская обл.,330 000,14.31,28.04,282 500,1 548,532,547,22.06,85.61,51.04
Ставропольский край,320 502,11.48,24.65,258 213,3 215,335,305,25.06,80.57,46.56
Ханты-Мансийский АО,313 811,18.59,41.84,240 962,4 091,130,107,24.06,76.79,44.43
Тюменская обл.,300 000,19.44,42.86,211 000,4 265,111,94,25.06,70.33,45.36
Алтайский край,298 692,13.01,16.06,245 630,3 053,278,511,23.06,82.24,81.02
Пермский край,296 327,11.49,24.69,237 561,3 440,289,263,25.06,80.17,46.53
Крым,290 927,15.3,25.5,225 000,3 147,210,270,24.06,77.34,60.0
Оренбургская обл.,285 617,14.7,31.89,233 070,3 364,204,181,25.06,81.6,46.09
Омская обл.,261 080,13.71,28.72,210 456,2 476,279,262,25.06,80.61,47.73
Тульская обл.,229 000,15.8,31.55,176 137,2 276,218,218,25.06,76.92,50.09
Ленинградская обл.,228 175,12.06,30.42,180 260,2 420,297,216,25.06,79.0,39.64
Кировская обл.,206 000,16.48,28.81,167 000,2 000,210,255,25.06,81.07,57.2
Приморский край,201 145,10.71,31.61,152 176,3 021,244,144,25.06,75.65,33.88
Саха,198 000,20.16,28.48,161 469,1 286,228,387,25.06,81.55,70.77
Забайкальский край,190 940,18.12,40.26,157 390,1 868,180,152,25.06,82.43,45.01
Чечня,188 000,12.55,33.27,83 535,5 828,96,65,25.06,44.43,37.72
Липецкая обл.,181 476,16.09,33.21,148 152,2 790,137,131,24.06,81.64,48.45
Брянская обл.,175 545,14.84,30.96,77 441,3 232,129,121,25.06,44.11,47.93
Курская обл.,170 716,15.57,31.97,139 296,2 218,170,164,25.06,81.6,48.7
Мордовия,168 666,21.65,43.44,137 765,2 188,101,100,25.06,81.68,49.84
Пензенская обл.,166 071,12.86,26.08,133 096,1 727,278,272,23.06,80.14,49.3
Астраханская обл.,165 002,16.54,38.82,124 894,2 953,113,88,25.06,75.69,42.6
Бурятия,164 081,16.65,38.03,127 509,2 191,150,122,24.06,77.71,43.78
Ивановская обл.,163 339,16.55,37.88,129 436,2 473,134,108,25.06,79.24,43.7
Тверская обл.,162 760,13.07,27.35,104 994,1 880,245,230,25.06,64.51,47.78
Ульяновская обл.,161 783,13.28,34.72,128 285,1 703,263,179,22.06,79.29,38.25
Удмуртия,160 376,10.74,35.64,127 820,2 133,275,136,25.06,79.7,30.14
Тамбовская обл.,156 557,15.74,31.6,122 702,1 692,201,200,25.06,78.38,49.81
Ярославская обл.,152 000,12.24,25.06,115 000,1 574,298,289,25.06,75.66,48.84
Хабаровский край,145 005,11.14,23.65,114 352,1 603,315,292,25.06,78.86,47.09
Калининградская обл.,144 040,14.14,38.41,118 954,1 558,234,148,25.06,82.58,36.81
Чувашия,140 000,11.59,23.81,114 000,1 293,359,346,25.06,81.43,48.68
Архангельская обл.,138 946,12.83,30.73,117 866,1 011,398,310,23.06,84.83,41.76
Вологодская обл.,136 628,11.87,25.25,112 181,947,463,427,23.06,82.11,47.0
Владимирская обл.,136 497,10.17,22.75,103 000,2 786,192,166,24.06,75.46,44.7
Дагестан,134 962,4.31,10.0,19 949,2 355,608,516,25.06,14.78,43.11
Томская обл.,132 500,12.38,26.6,107 486,1 214,332,301,24.06,81.12,46.55
Рязанская обл.,126 000,11.47,23.28,87 718,1 143,370,363,23.06,69.62,49.27
Коми,124 680,15.32,32.9,99 596,1 724,164,148,25.06,79.88,46.57
Курганская обл.,123 000,15.03,31.58,98 000,804,356,332,22.06,79.67,47.6
Амурская обл.,119 000,15.22,32.8,99 181,922,295,264,22.06,83.35,46.4
Калужская обл.,118 932,11.88,24.39,95 200,1 036,368,356,22.06,80.05,48.71
Мурманская обл.,110 816,15.12,31.82,93 507,781,327,304,25.06,84.38,47.51
Смоленская обл.,107 637,11.69,23.24,87 134,1 236,286,288,25.06,80.95,50.31
Ямало-Ненецкий АО,100 768,18.42,41.3,82 000,1 110,156,129,25.06,81.38,44.6
Сахалинская обл.,96 992,19.97,41.57,72 778,1 567,93,87,25.06,75.04,48.04
Карелия,95 609,15.7,32.9,78 970,922,227,212,24.06,82.6,47.72
Орловская обл.,91 983,12.69,25.87,76 961,696,388,379,25.06,83.67,49.05
Костромская обл.,85 715,13.64,28.36,67 841,1 093,209,198,25.06,79.15,48.09
Новгородская обл.,82 159,13.87,28.6,66 728,953,225,215,24.06,81.22,48.5
Севастополь,78 932,15.48,36.04,64 765,866,203,162,25.06,82.05,42.95
Псковская обл.,71 700,11.56,23.45,58 400,750,318,312,24.06,81.45,49.3
Марий Эл,70 992,10.51,22.38,56 554,932,286,264,23.06,79.66,46.96
Хакасия,70 649,13.28,29.19,56 518,683,286,251,23.06,80.0,45.49
Тыва,60 448,18.3,48.63,47 641,645,162,99,24.06,78.81,37.63
Карачаево-Черкесия,59 000,12.68,27.31,46 982,478,363,328,25.06,79.63,46.42
Северная Осетия,56 815,8.2,17.77,41 422,649,446,405,23.06,72.91,46.16
Кабардино-Балкария,56 000,6.44,14.11,37 000,1 725,219,198,24.06,66.07,45.64
Ингушетия,47 580,9.23,22.73,31 531,438,480,369,9.06,66.27,40.61
Камчатский край,40 165,12.89,27.14,33 712,451,256,239,25.06,83.93,47.5
Калмыкия,40 000,14.82,32.52,34 000,238,399,349,17.06,85.0,45.57
Адыгея,39 951,8.63,20.8,30 632,600,319,254,23.06,76.67,41.5
Алтай,35 397,16.02,42.21,27 535,337,223,144,24.06,77.79,37.96
Магаданская обл.,27 381,19.69,65.19,23 642,174,242,84,25.06,86.34,30.2
Еврейская АО,20 419,13.05,28.32,14 690,390,148,133,24.06,71.94,46.08
Чукотский АО,14 749,29.78,65.25,12 069,120,83,65,23.06,81.83,45.64
Ненецкий АО,9 500,21.4,49.28,7 294,47,270,208,16.06,76.78,43.42
