регион,"привито, чел.",% от насе-ления,"привито двумя комп., чел.","новых привитых, чел./день",дней до вакц. 50% нас.,обнов-лено,источник,"прогноз приви-тых, чел. *"
Москва,1 000 000,7.9,820 000,0,-,15.04,перейти,1 000 000
Московская обл.,830 000,10.77,340 938,4 286,706,4.05,перейти,851 430
Санкт-Петербург,590 322,10.96,478 178,2 855,736,9.05,перейти,590 322
Краснодарский край,420 000,7.39,210 680,1 714,1 413,8.05,перейти,421 714
Свердловская обл.,387 996,9.04,260 581,3 119,563,5.05,перейти,400 472
Ростовская обл.,333 350,7.97,220 425,2 763,636,9.05,перейти,333 350
Самарская обл.,329 000,10.43,244 000,3 000,416,9.05,перейти,329 000
Нижегородская обл.,300 000,9.44,204 000,3 857,334,9.05,перейти,300 000
Башкортостан,289 073,7.2,198 344,3 799,452,8.05,перейти,292 872
Татарстан,272 385,6.99,190 568,2 444,685,8.05,перейти,274 829
Белгородская обл.,237 674,15.42,161 641,1 311,407,9.05,перейти,237 674
Воронежская обл.,235 500,10.21,184 000,2 214,414,8.05,перейти,237 714
Новосибирская обл.,234 127,8.4,150 304,2 820,411,7.05,перейти,239 767
Волгоградская обл.,228 000,9.21,151 000,1 429,706,7.05,перейти,230 858
Красноярский край,221 354,7.75,151 801,7 161,168,6.05,перейти,242 837
Ставропольский край,210 000,7.52,150 000,1 429,830,9.05,перейти,210 000
Челябинская обл.,210 000,6.1,139 039,571,2 647,30.04,перейти,215 139
Иркутская обл.,207 780,8.75,130 519,2 254,435,9.05,перейти,207 780
Алтайский край,204 042,8.89,145 459,1 478,639,9.05,перейти,204 042
Кемеровская обл.,201 000,7.63,136 000,3 244,344,5.05,перейти,213 976
Саратовская обл.,190 500,7.95,129 000,1 500,671,6.05,перейти,195 000
Пермский край,185 622,7.2,131 180,1 350,818,9.05,перейти,185 622
Оренбургская обл.,175 893,9.05,12 905,3 106,256,4.05,перейти,191 423
Омская обл.,174 389,9.16,121 477,1 612,482,9.05,перейти,174 389
Крым,162 000,8.52,80 000,5 574,142,30.04,перейти,212 166
Ханты-Мансийский АО,160 000,9.48,90 990,2 668,256,6.05,перейти,168 004
Тульская обл.,148 000,10.21,107 000,2 000,288,5.05,перейти,156 000
Ленинградская обл.,147 290,7.78,103 262,2 409,332,7.05,перейти,152 108
Тюменская обл.,140 066,9.08,75 980,2 750,230,5.05,перейти,151 066
Кировская обл.,133 042,10.64,89 502,1 435,343,6.05,перейти,137 347
Забайкальский край,130 321,12.37,90 705,1 264,314,9.05,перейти,130 321
Липецкая обл.,121 200,10.74,91 400,886,500,5.05,перейти,124 744
Тверская обл.,115 713,9.29,104 994,586,865,9.05,перейти,115 713
Ивановская обл.,114 720,11.62,88 795,509,744,9.05,перейти,114 720
Курская обл.,110 703,10.1,90 043,526,832,9.05,перейти,110 703
Саха,110 474,11.25,85 756,452,842,8.05,перейти,110 926
Мордовия,109 473,14.05,81 727,629,445,9.05,перейти,109 473
Пензенская обл.,108 860,8.43,75 533,1 195,449,4.05,перейти,114 835
Приморский край,107 277,5.71,76 942,1 073,775,6.05,перейти,110 496
Брянская обл.,107 000,9.05,48 000,301,1 609,5.05,перейти,108 204
Ульяновская обл.,101 337,8.32,68 235,1 239,410,4.05,перейти,107 532
Ярославская обл.,100 000,8.06,60 817,3 143,166,30.04,перейти,128 287
Тамбовская обл.,99 903,10.05,76 012,629,632,9.05,перейти,99 903
Удмуртия,95 412,6.39,63 457,1 231,529,7.05,перейти,97 874
Астраханская обл.,94 795,9.5,67 501,958,422,9.05,перейти,94 795
Архангельская обл.,93 942,8.68,60 215,1 915,234,8.05,перейти,95 857
Калининградская обл.,88 421,8.68,56 641,917,459,4.05,перейти,93 006
Хабаровский край,88 064,6.77,59 135,1 438,391,7.05,перейти,90 940
Владимирская обл.,86 000,6.41,64 000,1 571,372,5.05,перейти,92 284
Амурская обл.,85 914,10.99,65 595,862,354,7.05,перейти,87 638
Вологодская обл.,84 000,7.3,52 000,1 235,398,5.05,перейти,88 940
Бурятия,82 000,8.32,53 000,779,527,6.05,перейти,84 337
Чувашия,81 000,6.71,55 000,1 714,305,6.05,перейти,86 142
Рязанская обл.,80 574,7.34,54 513,1 274,368,30.04,перейти,92 040
Калужская обл.,80 000,7.99,60 000,974,432,6.05,перейти,82 922
Томская обл.,75 855,7.09,48 640,1 381,333,4.05,перейти,82 760
Коми,74 562,9.16,36 614,959,346,5.05,перейти,78 398
Дагестан,71 102,2.27,19 949,693,2 158,7.05,перейти,72 488
Курганская обл.,71 000,8.67,47 000,3 223,105,5.05,перейти,83 892
Смоленская обл.,68 545,7.44,52 330,415,945,9.05,перейти,68 545
Карелия,68 180,11.19,50 409,588,402,9.05,перейти,68 180
Орловская обл.,65 512,9.04,45 311,819,362,6.05,перейти,67 969
Ямало-Ненецкий АО,65 000,11.88,40 000,857,243,6.05,перейти,67 571
Мурманская обл.,65 000,8.87,49 682,2 714,111,26.04,перейти,100 282
Сахалинская обл.,64 824,13.35,49 121,459,388,9.05,перейти,64 824
Чечня,63 626,4.25,25 498,1 089,629,7.05,перейти,65 804
Костромская обл.,60 530,9.63,43 981,407,623,9.05,перейти,60 530
Новгородская обл.,54 609,9.22,36 958,851,284,7.05,перейти,56 311
Севастополь,50 314,9.87,25 071,1 060,193,30.04,перейти,59 854
Псковская обл.,48 300,7.79,36 300,400,655,9.05,перейти,48 300
Марий Эл,48 000,7.11,35 000,1 143,253,7.05,перейти,50 286
Хакасия,45 638,8.58,32 201,337,654,7.05,перейти,46 312
Тыва,39 336,11.91,22 119,975,129,6.05,перейти,42 261
Северная Осетия,31 422,4.53,20 326,721,437,30.04,перейти,37 911
Карачаево-Черкесия,30 062,6.46,14 800,555,365,5.05,перейти,32 282
Калмыкия,30 000,11.11,10 000,1 099,96,22.04,перейти,48 683
Кабардино-Балкария,26 000,2.99,15 100,374,1 093,28.04,перейти,30 114
Ингушетия,25 000,4.85,15 352,450,517,30.04,перейти,29 050
Камчатский край,24 619,7.9,15 476,762,172,26.04,перейти,34 525
Алтай,22 066,9.99,15 922,157,563,9.05,перейти,22 066
Адыгея,20 955,4.52,15 500,462,456,30.04,перейти,25 113
Магаданская обл.,19 010,13.67,12 851,495,102,6.05,перейти,20 495
Чукотский АО,10 300,20.8,7 157,94,154,6.05,перейти,10 582
Еврейская АО,10 000,6.39,7 881,165,414,5.05,перейти,10 660
Ненецкий АО,6 700,15.09,3 634,82,189,6.05,перейти,6 946
