регион,"привито, чел.",% от насе-ления,% от плана ***,"привито двумя комп., чел.","новых привитых, чел./день",дней до вакц. 50% нас.,дней до вып. плана,обнов-лено,"2 комп./1 комп., %","план, % от нас."
Москва,1 500 000,11.85,23.78,1 300 000,12 500,386,385,26.05,86.67,49.83
Московская обл.,1 171 691,15.2,29.29,1 000 000,12 623,213,224,6.06,85.35,51.89
Санкт-Петербург,745 540,13.85,62.13,621 698,5 116,380,89,11.06,83.39,22.29
Краснодарский край,700 000,12.32,25.93,500 000,16 429,130,122,11.06,71.43,47.52
Свердловская обл.,506 414,11.8,29.79,425 463,4 142,396,288,10.06,84.01,39.61
Ростовская обл.,503 345,12.04,29.61,404 777,4 836,328,247,14.06,80.42,40.66
Самарская обл.,435 000,13.79,29.0,354 000,3 000,381,355,11.06,81.38,47.55
Татарстан,428 861,11.01,23.18,302 658,5 782,263,246,12.06,70.57,47.49
Башкортостан,398 692,9.93,19.93,318 763,3 035,530,528,11.06,79.95,49.81
Нижегородская обл.,390 000,12.28,25.54,312 000,2 750,436,413,13.06,80.0,48.08
Белгородская обл.,359 477,23.32,47.93,262 722,3 750,110,104,14.06,73.08,48.65
Новосибирская обл.,339 531,12.19,26.12,267 275,2 933,359,327,10.06,78.72,46.67
Волгоградская обл.,328 000,13.25,46.86,260 000,3 082,295,121,11.06,79.27,28.28
Челябинская обл.,326 699,9.49,20.42,281 511,2 967,470,429,14.06,86.17,46.48
Воронежская обл.,315 000,13.66,26.76,256 000,2 489,337,346,10.06,81.27,51.04
Красноярский край,313 000,10.96,24.08,250 000,2 461,453,401,11.06,79.87,45.52
Иркутская обл.,298 245,12.56,29.82,234 772,2 215,401,317,14.06,78.72,42.11
Ставропольский край,286 500,10.26,22.04,234 000,2 393,464,424,14.06,81.68,46.55
Саратовская обл.,283 266,11.83,23.53,216 695,2 815,325,327,10.06,76.5,50.28
Алтайский край,274 356,11.95,14.75,226 545,1 769,494,896,14.06,82.57,81.02
Ханты-Мансийский АО,266 309,15.78,35.51,192 309,2 533,228,191,9.06,72.21,44.44
Пермский край,264 690,10.26,22.06,212 605,2 163,474,432,14.06,80.32,46.51
Кемеровская обл.,264 000,10.02,21.36,167 200,571,1 844,1 702,31.05,63.33,46.91
Крым,252 146,13.26,22.1,182 301,2 754,254,323,9.06,72.3,60.0
Оренбургская обл.,251 828,12.96,28.12,205 642,1 755,410,367,11.06,81.66,46.09
Тюменская обл.,250 711,16.24,35.82,173 933,3 256,160,138,10.06,69.38,45.34
Омская обл.,235 280,12.36,25.88,191 972,1 854,386,363,14.06,81.59,47.75
Ленинградская обл.,199 828,10.56,26.64,153 052,1 550,482,355,10.06,76.59,39.63
Тульская обл.,196 000,13.53,27.0,160 000,1 714,308,309,11.06,81.63,50.11
Саха,185 275,18.87,26.65,136 100,1 049,291,486,14.06,73.46,70.8
Кировская обл.,181 189,14.49,25.34,149 222,1 289,344,414,11.06,82.36,57.18
Забайкальский край,173 875,16.5,36.66,146 342,850,415,353,14.06,84.17,45.0
Приморский край,173 006,9.21,27.19,118 672,1 873,409,247,13.06,68.59,33.88
Липецкая обл.,155 000,13.74,28.36,131 000,629,650,622,11.06,84.52,48.44
Курская обл.,150 632,13.74,28.21,129 273,812,490,472,14.06,85.82,48.71
Мордовия,149 210,19.15,31.13,123 018,923,260,358,14.06,82.45,61.51
Брянская обл.,145 701,12.32,25.7,48 000,835,534,505,14.06,32.94,47.94
Тверская обл.,144 471,11.6,24.28,104 994,753,635,598,14.06,72.67,47.77
Бурятия,144 150,14.63,33.41,107 259,2 007,174,143,11.06,74.41,43.79
Пензенская обл.,143 563,11.12,22.55,116 713,1 056,475,467,9.06,81.3,49.31
Ульяновская обл.,142 895,11.73,30.66,109 416,1 289,362,251,8.06,76.57,38.25
Ивановская обл.,140 503,14.23,32.58,120 647,628,562,463,14.06,85.87,43.68
Астраханская обл.,140 180,14.05,32.98,109 860,1 121,320,254,14.06,78.37,42.6
Тамбовская обл.,139 684,14.05,28.19,110 246,897,399,397,14.06,78.93,49.83
Ярославская обл.,135 000,10.87,22.26,113 000,680,714,693,11.06,83.7,48.84
Удмуртия,133 304,8.93,29.62,106 713,1 445,424,219,12.06,80.05,30.15
Архангельская обл.,130 738,12.08,28.91,108 191,803,511,400,13.06,82.75,41.78
Хабаровский край,128 000,9.84,20.88,94 674,786,665,617,11.06,73.96,47.12
Вологодская обл.,125 931,10.94,23.28,97 817,848,530,489,11.06,77.68,47.0
Калининградская обл.,125 287,12.3,33.41,100 040,755,509,331,8.06,79.85,36.82
Чувашия,125 000,10.35,21.26,93 419,905,529,512,11.06,74.74,48.69
Томская обл.,118 315,11.05,23.75,90 821,1 274,327,298,9.06,76.76,46.53
Рязанская обл.,115 000,10.47,21.25,87 718,1 111,391,384,10.06,76.28,49.28
Чечня,113 000,7.54,20.0,60 000,2 995,212,151,8.06,53.1,37.7
Владимирская обл.,112 830,8.41,18.81,93 893,670,833,727,10.06,83.22,44.72
Дагестан,108 898,3.48,8.07,19 949,1 326,1 099,936,13.06,18.32,43.14
Амурская обл.,108 088,13.82,29.8,86 000,572,494,445,9.06,79.56,46.38
Коми,107 829,13.25,28.45,80 573,681,439,398,11.06,74.72,46.57
Калужская обл.,106 500,10.64,21.84,84 457,1 053,374,362,7.06,79.3,48.72
Курганская обл.,106 066,12.96,27.23,77 176,1 358,223,209,4.06,72.76,47.6
Мурманская обл.,98 430,13.43,28.27,80 000,294,912,850,13.06,81.28,47.51
Смоленская обл.,95 925,10.41,20.71,78 416,740,493,496,14.06,81.75,50.27
Ямало-Ненецкий АО,89 000,16.27,36.48,73 000,551,335,281,10.06,82.02,44.61
Карелия,84 893,13.94,29.21,69 646,562,391,366,8.06,82.04,47.72
Орловская обл.,82 269,11.35,23.14,68 948,495,566,552,10.06,83.81,49.05
Сахалинская обл.,82 029,16.89,35.16,70 442,395,407,383,14.06,85.87,48.04
Костромская обл.,75 740,12.05,25.06,64 021,322,741,703,14.06,84.53,48.08
Новгородская обл.,73 644,12.43,25.63,59 832,739,301,289,11.06,81.24,48.49
Севастополь,69 745,13.68,31.85,57 977,414,447,361,11.06,83.13,42.96
Псковская обл.,64 600,10.42,21.13,52 900,486,505,496,11.06,81.89,49.32
Марий Эл,63 756,9.44,20.1,51 668,558,491,454,11.06,81.04,46.96
Хакасия,63 287,11.9,26.15,49 349,556,365,321,10.06,77.98,45.5
Тыва,53 231,16.11,42.83,40 907,529,212,134,9.06,76.85,37.62
Карачаево-Черкесия,50 402,10.83,23.33,37 149,612,298,271,9.06,73.71,46.41
Северная Осетия,49 972,7.21,15.63,38 173,552,537,489,10.06,76.39,46.14
Ингушетия,47 580,9.23,22.73,31 531,438,480,369,9.06,66.27,40.61
Кабардино-Балкария,43 534,5.01,10.97,32 319,605,646,584,13.06,74.24,45.68
Калмыкия,39 000,14.45,31.71,34 000,219,438,384,12.06,87.18,45.57
Камчатский край,35 730,11.46,24.14,31 396,140,858,802,11.06,87.87,47.47
Алтай,31 705,14.35,37.8,24 863,339,232,154,14.06,78.42,37.96
Адыгея,30 443,6.57,15.85,22 000,397,507,407,1.06,72.27,41.46
Магаданская обл.,25 170,18.1,59.93,21 244,182,244,92,11.06,84.4,30.2
Еврейская АО,16 947,10.83,23.5,12 138,222,276,248,13.06,71.62,46.08
Чукотский АО,13 491,27.24,59.68,11 120,86,131,106,8.06,82.43,45.64
Ненецкий АО,9 074,20.44,47.07,7 294,92,143,111,7.06,80.38,43.42
