регион,"привито, чел.",% от насе-ления,"привито двумя комп., чел.","новых привитых, чел./день",дней до вакц. 50% нас.,обнов-лено,источник,"прогноз приви-тых, чел. *"
Москва,1 000 000,7.9,820 000,0,-,15.04,перейти,1 000 000
Московская обл.,800 000,10.38,340 938,13 143,232,27.04,перейти,852 572
Санкт-Петербург,568 822,10.56,435 969,4 951,429,1.05,перейти,568 822
Краснодарский край,408 000,7.18,210 680,6 369,382,30.04,перейти,414 369
Свердловская обл.,374 864,8.74,235 674,4 552,389,30.04,перейти,379 416
Ростовская обл.,312 692,7.48,184 812,4 108,433,1.05,перейти,312 692
Самарская обл.,308 000,9.76,210 000,6 000,212,1.05,перейти,308 000
Нижегородская обл.,273 000,8.59,152 267,4 286,307,29.04,перейти,281 572
Башкортостан,262 480,6.54,164 006,4 365,400,30.04,перейти,266 845
Татарстан,255 274,6.56,157 081,4 190,404,1.05,перейти,255 274
Белгородская обл.,227 931,14.79,137 902,3 215,169,1.05,перейти,227 931
Воронежская обл.,220 000,9.54,150 000,2 460,379,29.04,перейти,224 920
Волгоградская обл.,218 000,8.81,121 000,3 714,274,30.04,перейти,221 714
Новосибирская обл.,214 390,7.7,126 590,5 056,233,30.04,перейти,219 446
Челябинская обл.,210 000,6.1,139 039,571,2 647,30.04,перейти,210 571
Красноярский край,200 000,7.0,120 120,4 110,299,30.04,перейти,204 110
Ставропольский край,200 000,7.16,120 000,2 714,441,1.05,перейти,200 000
Алтайский край,192 809,8.4,119 957,2 935,326,1.05,перейти,192 809
Иркутская обл.,190 464,8.02,112 725,2 695,370,1.05,перейти,190 464
Саратовская обл.,180 000,7.52,114 000,3 110,327,29.04,перейти,186 220
Кемеровская обл.,180 000,6.84,116 253,2 024,562,29.04,перейти,184 048
Пермский край,176 036,6.83,106 677,2 376,469,1.05,перейти,176 036
Оренбургская обл.,169 000,8.7,12 905,2 995,268,29.04,перейти,174 990
Омская обл.,163 103,8.57,95 444,2 770,285,1.05,перейти,163 103
Крым,162 000,8.52,80 000,5 574,142,30.04,перейти,167 574
Ханты-Мансийский АО,141 325,8.37,68 325,5 103,138,28.04,перейти,156 634
Тульская обл.,134 000,9.25,88 000,1 819,325,26.04,перейти,143 095
Ленинградская обл.,130 424,6.89,80 459,2 193,372,27.04,перейти,139 196
Кировская обл.,129 735,10.38,76 527,1 962,252,30.04,перейти,131 697
Забайкальский край,121 190,11.5,79 693,1 859,218,1.05,перейти,121 190
Тюменская обл.,120 817,7.83,60 207,3 845,169,27.04,перейти,136 197
Липецкая обл.,120 000,10.64,80 000,2 286,194,29.04,перейти,124 572
Тверская обл.,111 415,8.94,81 876,947,540,1.05,перейти,111 415
Ивановская обл.,110 949,11.24,79 164,1 130,339,1.05,перейти,110 949
Саха,107 310,10.93,64 798,604,635,30.04,перейти,107 914
Курская обл.,106 871,9.75,80 645,932,474,1.05,перейти,106 871
Пензенская обл.,105 094,8.14,65 376,1 757,308,29.04,перейти,108 608
Брянская обл.,104 896,8.87,48 000,1 128,431,28.04,перейти,108 280
Мордовия,104 371,13.4,70 238,1 205,237,30.04,перейти,105 576
Приморский край,103 855,5.53,72 362,1 610,519,1.05,перейти,103 855
Ярославская обл.,100 000,8.06,60 817,3 143,166,30.04,перейти,103 143
Ульяновская обл.,97 000,7.96,60 000,1 165,440,30.04,перейти,98 165
Тамбовская обл.,95 193,9.57,66 743,984,409,1.05,перейти,95 193
Астраханская обл.,87 932,8.81,57 097,1 199,343,1.05,перейти,87 932
Удмуртия,87 135,5.83,55 520,687,960,1.05,перейти,87 135
Калининградская обл.,87 000,8.54,52 882,1 730,244,1.05,перейти,87 000
Владимирская обл.,84 668,6.31,61 427,1 524,385,30.04,перейти,86 192
Вологодская обл.,82 593,7.18,50 205,2 799,176,30.04,перейти,85 392
Рязанская обл.,80 574,7.34,54 513,1 274,368,30.04,перейти,81 848
Архангельская обл.,80 538,7.44,49 585,2 934,157,29.04,перейти,86 406
Амурская обл.,79 878,10.22,56 965,983,316,29.04,перейти,81 844
Хабаровский край,78 000,5.99,45 554,1 418,404,29.04,перейти,80 836
Бурятия,76 547,7.77,46 424,3 050,136,26.04,перейти,91 797
Калужская обл.,73 184,7.31,48 728,1 080,396,27.04,перейти,77 504
Чувашия,70 000,5.8,44 980,1 508,354,1.05,перейти,70 000
Коми,69 875,8.59,36 614,2 846,118,29.04,перейти,75 567
Дагестан,67 719,2.16,19 949,997,1 503,1.05,перейти,67 719
Томская обл.,66 191,6.18,43 000,720,651,28.04,перейти,68 351
Смоленская обл.,65 537,7.11,44 167,876,451,1.05,перейти,65 537
Мурманская обл.,65 000,8.87,49 682,2 714,111,26.04,перейти,78 570
Карелия,64 067,10.52,39 838,907,265,29.04,перейти,65 881
Сахалинская обл.,61 456,12.66,43 969,745,243,1.05,перейти,61 456
Ямало-Ненецкий АО,60 000,10.97,34 000,1 429,149,30.04,перейти,61 429
Орловская обл.,59 779,8.25,41 019,792,382,29.04,перейти,61 363
Костромская обл.,57 318,9.12,41 986,1 045,246,1.05,перейти,57 318
Чечня,56 000,3.74,25 498,1 714,404,27.04,перейти,62 856
Севастополь,50 314,9.87,25 071,1 060,193,30.04,перейти,51 374
Новгородская обл.,48 653,8.21,28 340,952,260,26.04,перейти,53 413
Курганская обл.,48 438,5.92,30 482,1 344,268,14.04,перейти,71 286
Псковская обл.,45 000,7.26,30 000,571,464,30.04,перейти,45 571
Хакасия,43 276,8.13,27 495,607,367,30.04,перейти,43 883
Марий Эл,40 000,5.92,22 000,1 241,240,22.04,перейти,51 169
Тыва,32 512,9.84,12 897,832,159,26.04,перейти,36 672
Северная Осетия,31 422,4.53,20 326,721,437,30.04,перейти,32 143
Калмыкия,30 000,11.11,10 000,1 099,96,22.04,перейти,39 891
Карачаево-Черкесия,28 300,6.08,14 800,1 014,202,30.04,перейти,29 314
Кабардино-Балкария,26 000,2.99,15 100,374,1 093,28.04,перейти,27 122
Ингушетия,25 000,4.85,15 352,450,517,30.04,перейти,25 450
Камчатский край,24 619,7.9,15 476,762,172,26.04,перейти,28 429
Адыгея,20 955,4.52,15 500,462,456,30.04,перейти,21 417
Алтай,20 711,9.37,12 128,460,195,30.04,перейти,21 171
Магаданская обл.,15 544,11.18,11 711,156,346,30.04,перейти,15 700
Чукотский АО,10 229,20.65,7 157,247,59,30.04,перейти,10 476
Еврейская АО,8 846,5.65,6 394,140,496,19.04,перейти,10 526
Ненецкий АО,6 128,13.81,3 634,130,124,29.04,перейти,6 388
