регион,"привито, чел.",% от насе-ления,"привито двумя комп., чел.","новых привитых, чел./день",дней до вакц. 50% нас.,обнов-лено,источник,"прогноз приви-тых, чел. *"
Москва,1 000 000,7.9,820 000,0,-,15.04,перейти,1 000 000
Московская обл.,830 000,10.77,340 938,4 286,706,4.05,перейти,830 000
Санкт-Петербург,573 057,10.64,443 242,4 059,522,4.05,перейти,573 057
Краснодарский край,408 000,7.18,210 680,6 369,382,30.04,перейти,433 476
Свердловская обл.,374 864,8.74,235 674,4 552,389,30.04,перейти,393 072
Ростовская обл.,316 598,7.57,189 428,3 107,571,4.05,перейти,316 598
Самарская обл.,308 000,9.76,220 000,4 286,296,4.05,перейти,308 000
Нижегородская обл.,281 211,8.85,193 089,3 459,378,4.05,перейти,281 211
Башкортостан,262 480,6.54,164 006,4 365,400,30.04,перейти,279 940
Татарстан,257 573,6.61,167 471,3 360,503,4.05,перейти,257 573
Белгородская обл.,229 095,14.86,142 320,2 239,242,4.05,перейти,229 095
Воронежская обл.,220 000,9.54,150 000,2 460,379,29.04,перейти,232 300
Волгоградская обл.,218 000,8.81,121 000,3 714,274,30.04,перейти,232 856
Новосибирская обл.,214 390,7.7,126 590,5 056,233,30.04,перейти,234 614
Челябинская обл.,210 000,6.1,139 039,571,2 647,30.04,перейти,212 284
Красноярский край,200 000,7.0,120 120,4 110,299,30.04,перейти,216 440
Ставропольский край,200 000,7.16,120 000,2 714,441,1.05,перейти,208 142
Алтайский край,194 103,8.45,123 082,2 362,404,4.05,перейти,194 103
Иркутская обл.,193 128,8.13,115 332,2 073,480,4.05,перейти,193 128
Кемеровская обл.,180 000,6.84,116 253,2 024,562,29.04,перейти,190 120
Саратовская обл.,180 000,7.52,114 000,3 110,327,29.04,перейти,195 550
Пермский край,176 642,6.85,108 465,1 794,620,4.05,перейти,176 642
Оренбургская обл.,175 893,9.05,12 905,3 106,256,4.05,перейти,175 893
Омская обл.,165 068,8.67,100 428,2 000,393,4.05,перейти,165 068
Крым,162 000,8.52,80 000,5 574,142,30.04,перейти,184 296
Ханты-Мансийский АО,141 325,8.37,68 325,5 103,138,28.04,перейти,171 943
Тульская обл.,134 000,9.25,88 000,1 819,325,26.04,перейти,148 552
Ленинградская обл.,130 424,6.89,80 459,2 193,372,27.04,перейти,145 775
Кировская обл.,129 735,10.38,76 527,1 962,252,30.04,перейти,137 583
Забайкальский край,121 919,11.57,81 558,1 012,400,4.05,перейти,121 919
Тюменская обл.,120 817,7.83,60 207,3 845,169,27.04,перейти,147 732
Липецкая обл.,120 000,10.64,80 000,2 286,194,29.04,перейти,131 430
Тверская обл.,111 996,8.99,104 994,768,665,4.05,перейти,111 996
Ивановская обл.,111 524,11.3,80 887,918,416,4.05,перейти,111 524
Пензенская обл.,108 860,8.43,75 533,1 195,449,4.05,перейти,108 860
Саха,107 843,10.98,71 517,296,1 294,4.05,перейти,107 843
Курская обл.,107 300,9.79,81 658,764,577,4.05,перейти,107 300
Мордовия,105 320,13.52,73 806,871,326,4.05,перейти,105 320
Брянская обл.,104 896,8.87,48 000,1 128,431,28.04,перейти,111 664
Приморский край,103 855,5.53,72 362,1 610,519,1.05,перейти,108 685
Ульяновская обл.,101 337,8.32,68 235,1 239,410,4.05,перейти,101 337
Ярославская обл.,100 000,8.06,60 817,3 143,166,30.04,перейти,112 572
Тамбовская обл.,96 051,9.66,68 752,771,520,4.05,перейти,96 051
Астраханская обл.,88 423,8.86,58 189,1 045,393,4.05,перейти,88 423
Калининградская обл.,88 421,8.68,56 641,917,459,4.05,перейти,88 421
Удмуртия,87 135,5.83,55 520,462,1 428,4.05,перейти,87 135
Владимирская обл.,84 668,6.31,61 427,1 524,385,30.04,перейти,90 764
Хабаровский край,82 809,6.36,45 554,1 116,509,4.05,перейти,82 809
Вологодская обл.,82 593,7.18,50 205,2 799,176,30.04,перейти,93 789
Рязанская обл.,80 574,7.34,54 513,1 274,368,30.04,перейти,85 670
Архангельская обл.,80 538,7.44,49 585,2 934,157,29.04,перейти,95 208
Амурская обл.,79 878,10.22,56 965,983,316,29.04,перейти,84 793
Калужская обл.,79 857,7.98,48 728,953,441,4.05,перейти,79 857
Бурятия,76 547,7.77,46 424,3 050,136,26.04,перейти,100 947
Томская обл.,75 855,7.09,48 640,1 381,333,4.05,перейти,75 855
Чувашия,70 000,5.8,44 980,1 508,354,1.05,перейти,74 524
Коми,69 875,8.59,36 614,2 846,118,29.04,перейти,84 105
Дагестан,68 390,2.18,19 949,722,2 075,4.05,перейти,68 390
Смоленская обл.,65 927,7.16,46 031,575,686,4.05,перейти,65 927
Мурманская обл.,65 000,8.87,49 682,2 714,111,26.04,перейти,86 712
Карелия,64 067,10.52,39 838,907,265,29.04,перейти,68 602
Сахалинская обл.,62 016,12.77,44 531,518,349,4.05,перейти,62 016
Чечня,62 000,4.14,25 498,857,802,4.05,перейти,62 000
Ямало-Ненецкий АО,60 000,10.97,34 000,1 429,149,30.04,перейти,65 716
Орловская обл.,59 779,8.25,41 019,792,382,29.04,перейти,63 739
Костромская обл.,58 229,9.27,43 117,1 176,218,4.05,перейти,58 229
Севастополь,50 314,9.87,25 071,1 060,193,30.04,перейти,54 554
Новгородская обл.,48 653,8.21,28 340,952,260,26.04,перейти,56 269
Курганская обл.,48 438,5.92,30 482,1 344,268,14.04,перейти,75 318
Марий Эл,46 019,6.81,30 280,860,339,4.05,перейти,46 019
Псковская обл.,45 500,7.34,32 000,643,412,2.05,перейти,46 786
Хакасия,43 917,8.25,28 668,363,612,4.05,перейти,43 917
Тыва,36 570,11.07,19 745,1 087,118,2.05,перейти,38 744
Северная Осетия,31 422,4.53,20 326,721,437,30.04,перейти,34 306
Калмыкия,30 000,11.11,10 000,1 099,96,22.04,перейти,43 188
Карачаево-Черкесия,28 300,6.08,14 800,1 014,202,30.04,перейти,32 356
Кабардино-Балкария,26 000,2.99,15 100,374,1 093,28.04,перейти,28 244
Ингушетия,25 000,4.85,15 352,450,517,30.04,перейти,26 800
Камчатский край,24 619,7.9,15 476,762,172,26.04,перейти,30 715
Алтай,21 371,9.67,13 814,300,297,4.05,перейти,21 371
Адыгея,20 955,4.52,15 500,462,456,30.04,перейти,22 803
Магаданская обл.,15 544,11.18,11 711,156,346,30.04,перейти,16 168
Чукотский АО,10 229,20.65,7 157,247,59,30.04,перейти,11 217
Еврейская АО,8 846,5.65,6 394,140,496,19.04,перейти,10 946
Ненецкий АО,6 128,13.81,3 634,130,124,29.04,перейти,6 778
