регион,"привито, чел.",% от насе-ления,"средний темп, чел./день","средний темп к нас., %",дней до вакц. 50% нас.,"привито двумя комп., чел.",обнов-лено,"2 комп./1 комп., %"
Москва,2 600 000,20.55,60 000,0.47,62,1 600 000,2.07,61.54
Московская обл.,1 618 021,20.99,39 345,0.51,57,1 000 000,2.07,61.8
Санкт-Петербург,924 844,17.18,12 845,0.24,138,716 855,2.07,77.51
Краснодарский край,812 296,14.29,10 957,0.19,185,599 754,2.07,73.83
Ростовская обл.,660 923,15.81,12 908,0.31,111,484 219,2.07,73.26
Свердловская обл.,656 837,15.31,10 198,0.24,146,496 000,2.07,75.51
Башкортостан,586 982,14.62,13 930,0.35,102,382 230,2.07,65.12
Татарстан,560 373,14.39,9 928,0.25,140,392 000,2.07,69.95
Самарская обл.,555 000,17.6,7 857,0.25,130,426 000,2.07,76.76
Нижегородская обл.,504 972,15.9,8 782,0.28,123,368 068,2.07,72.89
Белгородская обл.,475 659,30.86,8 459,0.55,35,333 447,2.07,70.1
Новосибирская обл.,454 745,16.32,7 964,0.29,118,330 791,1.07,72.74
Челябинская обл.,444 861,12.92,8 443,0.25,151,325 143,2.07,73.09
Волгоградская обл.,427 000,17.26,6 857,0.28,118,319 000,2.07,74.71
Кемеровская обл.,420 000,15.95,9 714,0.37,92,281 000,1.07,66.9
Красноярский край,400 000,14.01,6 139,0.21,167,300 000,1.07,75.0
Саратовская обл.,378 440,15.8,6 130,0.26,134,275 174,2.07,72.71
Воронежская обл.,375 998,16.31,5 767,0.25,135,304 264,30.06,80.92
Иркутская обл.,371 658,15.65,4 750,0.2,172,275 219,2.07,74.05
Ставропольский край,363 000,13.0,6 071,0.22,170,271 347,2.07,74.75
Алтайский край,350 580,15.27,5 494,0.24,145,263 099,2.07,75.05
Ханты-Мансийский АО,342 437,20.29,4 834,0.29,104,254 230,30.06,74.24
Пермский край,338 270,13.11,5 992,0.23,159,253 205,2.07,74.85
Тюменская обл.,326 000,21.12,5 286,0.34,84,229 000,1.07,70.25
Оренбургская обл.,325 942,16.78,5 761,0.3,112,244 485,2.07,75.01
Крым,314 868,16.56,5 080,0.27,125,225 000,30.06,71.46
Омская обл.,296 290,15.56,5 030,0.26,130,223 593,2.07,75.46
Тульская обл.,266 213,18.37,5 666,0.39,81,190 167,1.07,71.43
Ленинградская обл.,259 453,13.71,4 468,0.24,154,190 728,2.07,73.51
Приморский край,231 529,12.33,4 341,0.23,163,164 309,2.07,70.97
Кировская обл.,222 000,17.76,2 715,0.22,148,173 000,1.07,77.93
Чечня,220 000,14.69,7 688,0.51,69,83 535,29.06,37.97
Саха,210 976,21.48,1 854,0.19,151,174 574,2.07,82.75
Липецкая обл.,207 700,18.41,3 746,0.33,95,155 100,1.07,74.68
Забайкальский край,202 434,19.22,1 642,0.16,198,165 534,2.07,81.77
Удмуртия,197 457,13.22,5 297,0.35,104,143 635,2.07,72.74
Ульяновская обл.,196 553,16.13,3 754,0.31,110,145 399,2.07,73.97
Брянская обл.,193 588,16.37,2 578,0.22,154,77 441,2.07,40.0
Курская обл.,193 213,17.62,3 214,0.29,110,145 511,2.07,75.31
Тверская обл.,190 985,15.33,4 032,0.32,107,153 993,2.07,80.63
Пензенская обл.,190 709,14.77,3 160,0.24,144,143 950,1.07,75.48
Бурятия,187 581,19.04,2 872,0.29,106,137 163,2.07,73.12
Ивановская обл.,185 868,18.83,3 218,0.33,96,134 171,2.07,72.19
Астраханская обл.,183 374,18.38,2 576,0.26,122,132 421,2.07,72.21
Мордовия,181 966,23.36,2 182,0.28,95,143 531,1.07,78.88
Тамбовская обл.,176 181,17.72,2 803,0.28,115,130 875,2.07,74.28
Вологодская обл.,170 000,14.77,4 232,0.37,96,120 000,2.07,70.59
Ярославская обл.,164 000,13.21,1 714,0.14,266,130 000,2.07,79.27
Калининградская обл.,164 000,16.1,3 266,0.32,106,122 594,1.07,74.75
Хабаровский край,162 354,12.48,2 478,0.19,197,124 163,2.07,76.48
Томская обл.,155 592,14.54,2 962,0.28,128,115 546,2.07,74.26
Архангельская обл.,154 865,14.3,1 889,0.17,205,124 456,2.07,80.36
Дагестан,151 752,4.84,2 399,0.08,590,94 703,2.07,62.41
Курганская обл.,151 000,18.45,3 021,0.37,85,110 000,1.07,72.85
Калужская обл.,150 000,14.99,3 393,0.34,103,95 200,1.07,63.47
Чувашия,147 000,12.17,1 643,0.14,278,117 000,29.06,79.59
Рязанская обл.,140 000,12.75,2 178,0.2,188,110 000,29.06,78.57
Коми,139 613,17.16,2 133,0.26,125,106 658,2.07,76.4
Владимирская обл.,133 848,9.97,1 549,0.12,347,108 627,29.06,81.16
Амурская обл.,129 954,16.62,1 565,0.2,167,102 110,29.06,78.57
Смоленская обл.,120 955,13.13,2 193,0.24,155,90 968,1.07,75.21
Мурманская обл.,118 444,16.16,1 453,0.2,171,93 507,30.06,78.95
Сахалинская обл.,111 481,22.96,2 070,0.43,63,72 778,2.07,65.28
Ямало-Ненецкий АО,111 325,20.35,1 508,0.28,108,88 577,2.07,79.57
Орловская обл.,106 827,14.74,2 252,0.31,113,80 855,1.07,75.69
Карелия,100 033,16.42,902,0.15,227,81 385,30.06,81.36
Костромская обл.,96 273,15.32,1 508,0.24,145,72 955,2.07,75.78
Новгородская обл.,92 232,15.57,1 387,0.23,147,71 071,2.07,77.06
Севастополь,87 733,17.2,1 257,0.25,133,66 936,2.07,76.3
Марий Эл,86 355,12.79,1 889,0.28,133,60 976,2.07,70.61
Хакасия,85 872,16.14,1 978,0.37,91,61 836,2.07,72.01
Псковская обл.,83 423,13.45,1 548,0.25,146,62 677,2.07,75.13
Кабардино-Балкария,71 000,8.17,1 838,0.21,198,39 125,2.07,55.11
Северная Осетия,66 000,9.52,1 312,0.19,214,46 859,30.06,71.0
Тыва,64 565,19.54,588,0.18,171,50 136,1.07,77.65
Карачаево-Черкесия,64 216,13.8,745,0.16,226,50 285,2.07,78.31
Ингушетия,61 661,11.96,741,0.14,265,45 862,28.06,74.38
Адыгея,50 717,10.95,1 197,0.26,151,32 000,2.07,63.1
Калмыкия,44 000,16.3,333,0.12,273,44 000,29.06,100.0
Камчатский край,43 957,14.1,542,0.17,206,34 632,2.07,78.79
Алтай,39 813,18.02,572,0.26,124,30 316,2.07,76.15
Магаданская обл.,27 774,19.98,205,0.15,204,24 437,1.07,87.99
Еврейская АО,24 155,15.43,467,0.3,116,16 694,2.07,69.11
Чукотский АО,16 229,32.77,178,0.36,48,13 375,2.07,82.41
Ненецкий АО,10 500,23.65,79,0.18,148,8 920,30.06,84.95
