,Регион,Число прививок,% от населения,Прививок в день,Обновлено
0,Москва,1 000 000,7.89,40 857,4.04
1,Московская обл.,545 000,7.09,17 864,4.04
2,Санкт-Петербург,401 057,7.43,6 635,4.04
3,Свердловская обл.,210 750,4.89,5 822,4.04
4,Краснодарский край,203 567,3.59,4 090,4.04
5,Самарская обл.,175 000,5.5,2 855,4.04
6,Нижегородская обл.,157 855,4.93,4 695,4.04
7,Ростовская обл.,145 578,3.47,3 677,4.04
8,Татарстан,145 333,3.72,2 973,4.04
9,Башкортостан,143 947,3.56,2 668,4.04
10,Красноярский край,134 765,4.7,5 966,4.04
11,Воронежская обл.,129 000,5.55,429,4.04
12,Белгородская обл.,124 915,8.07,2 334,4.04
13,Челябинская обл.,119 530,3.45,1 933,4.04
14,Ставропольский край,107 000,3.82,1 571,4.04
15,Саратовская обл.,104 887,4.33,1 486,4.04
16,Кемеровская обл.,103 744,3.9,1 635,4.04
17,Новосибирская обл.,103 000,3.68,1 376,4.04
18,Алтайский край,101 400,4.38,2 673,4.04
19,Иркутская обл.,100 595,4.21,1 616,4.04
20,Волгоградская обл.,93 000,3.73,4 000,4.04
21,Пермский край,91 736,3.53,2 341,4.04
22,Тульская обл.,88 000,6.0,2 286,4.04
23,Оренбургская обл.,85 709,4.38,1 970,4.04
24,Омская обл.,82 011,4.26,2 391,4.04
25,Тверская обл.,79 462,6.3,1 130,4.04
26,Липецкая обл.,74 600,6.55,1 229,4.04
27,Брянская обл.,72 334,6.08,1 064,4.04
28,Крым,72 199,3.77,1 386,4.04
29,Ленинградская обл.,71 864,3.83,1 268,4.04
30,Ивановская обл.,70 869,7.11,1 172,4.04
31,Курская обл.,67 315,6.1,1 056,4.04
32,Приморский край,64 392,3.04,826,4.04
33,Кировская обл.,63 870,5.06,2 237,4.04
34,Тамбовская обл.,60 855,6.04,771,4.04
35,Саха,60 627,6.24,698,4.04
36,Ханты-Мансийский АО,60 320,3.6,405,4.04
37,Мордовия,60 157,7.61,1 436,4.04
38,Забайкальский край,59 000,5.57,1 127,4.04
39,Пензенская обл.,58 827,4.51,2 132,4.04
40,Ярославская обл.,58 669,4.68,771,4.04
41,Тюменская обл.,56 678,3.69,630,4.04
42,Владимирская обл.,54 400,4.0,961,4.04
43,Ульяновская обл.,49 744,4.04,539,4.04
44,Хабаровский край,48 800,3.71,985,4.04
45,Калужская обл.,48 628,4.85,518,4.04
46,Удмуртия,48 221,3.21,821,4.04
47,Амурская обл.,47 277,5.98,655,4.04
48,Рязанская обл.,46 500,4.19,929,4.04
49,Астраханская обл.,45 718,4.55,1 104,4.04
50,Бурятия,43 086,4.37,288,4.04
51,Архангельская обл.,43 000,3.94,571,4.04
52,Калининградская обл.,42 596,4.21,1 199,4.04
53,Чувашия,40 657,3.34,1 025,4.04
54,Сахалинская обл.,40 427,8.28,529,4.04
55,Вологодская обл.,38 350,3.3,276,4.04
56,Орловская обл.,36 005,4.91,264,4.04
57,Карелия,36 000,5.86,399,4.04
58,Смоленская обл.,35 500,3.8,981,4.04
59,Костромская обл.,35 000,5.53,286,4.04
60,Томская обл.,34 710,3.22,29,4.04
61,Мурманская обл.,32 000,4.32,286,4.04
62,Дагестан,31 711,1.02,808,4.04
63,Ямало-Ненецкий АО,30 879,5.67,384,4.04
64,Курганская обл.,30 582,3.7,997,4.04
65,Коми,30 000,3.66,110,4.04
66,Чечня,29 000,1.96,143,4.04
67,Новгородская обл.,27 678,4.64,483,4.04
68,Псковская обл.,24 000,3.83,254,4.04
69,Хакасия,23 225,4.35,425,4.04
70,Марий Эл,23 039,3.39,274,4.04
71,Севастополь,21 914,4.88,443,4.04
72,Северная Осетия,18 244,2.62,477,4.04
73,Кабардино-Балкария,16 000,1.84,368,4.04
74,Камчатский край,15 858,5.07,108,4.04
75,Адыгея,14 719,3.18,146,4.04
76,Ингушетия,14 183,2.8,279,4.04
77,Тыва,12 440,3.8,81,4.04
78,Калмыкия,12 000,4.43,257,4.04
79,Карачаево-Черкесия,11 932,2.56,224,4.04
80,Алтай,10 062,4.57,133,4.04
81,Магаданская обл.,10 060,7.18,117,4.04
82,Чукотский АО,7 100,14.12,214,4.04
83,Еврейская АО,6 330,4.0,333,4.04
84,Ненецкий АО,3 778,8.55,59,4.04
85,В России,12 120 835,5.11,178 441,4.04
