регион,"привито, чел.",% от насе-ления,% от плана ***,"привито двумя комп., чел.","новых привитых, чел./день",дней до вакц. 50% нас.,дней до вып. плана,обнов-лено,"2 комп./1 комп., %","план, % от нас."
Москва,1 500 000,11.85,23.78,1 300 000,12 500,386,385,26.05,86.67,49.83
Московская обл.,1 171 691,15.2,29.29,1 000 000,12 623,213,224,6.06,85.35,51.89
Санкт-Петербург,745 540,13.85,62.13,621 698,5 116,380,89,11.06,83.39,22.29
Краснодарский край,700 000,12.32,25.93,500 000,16 429,130,122,11.06,71.43,47.52
Свердловская обл.,506 414,11.8,29.79,425 463,4 142,396,288,10.06,84.01,39.61
Ростовская обл.,499 673,11.95,29.39,402 066,4 858,328,247,12.06,80.47,40.66
Самарская обл.,435 000,13.79,29.0,354 000,3 000,381,355,11.06,81.38,47.55
Татарстан,428 861,11.01,23.18,302 658,5 782,263,246,12.06,70.57,47.49
Башкортостан,398 692,9.93,19.93,318 763,3 035,530,528,11.06,79.95,49.81
Нижегородская обл.,381 000,11.99,24.95,312 000,2 036,593,563,11.06,81.89,48.05
Белгородская обл.,355 808,23.09,47.44,260 004,4 034,103,98,12.06,73.07,48.67
Новосибирская обл.,339 531,12.19,26.12,267 275,2 933,359,327,10.06,78.72,46.67
Волгоградская обл.,328 000,13.25,46.86,260 000,3 082,295,121,11.06,79.27,28.28
Челябинская обл.,326 699,9.49,20.42,279 689,2 967,470,429,12.06,85.61,46.48
Воронежская обл.,315 000,13.66,26.76,256 000,2 489,337,346,10.06,81.27,51.04
Красноярский край,313 000,10.96,24.08,250 000,2 461,453,401,11.06,79.87,45.52
Иркутская обл.,296 376,12.48,29.64,233 153,2 182,408,322,12.06,78.67,42.11
Ставропольский край,286 500,10.26,22.04,225 980,2 393,464,424,12.06,78.88,46.55
Саратовская обл.,283 266,11.83,23.53,216 695,2 815,325,327,10.06,76.5,50.28
Алтайский край,273 497,11.91,14.7,225 666,1 777,492,893,12.06,82.51,81.0
Ханты-Мансийский АО,266 309,15.78,35.51,192 309,2 533,228,191,9.06,72.21,44.44
Пермский край,264 379,10.25,22.03,212 182,2 252,455,415,12.06,80.26,46.52
Кемеровская обл.,264 000,10.02,21.36,167 200,571,1 844,1 702,31.05,63.33,46.91
Крым,252 146,13.26,22.1,182 301,2 754,254,323,9.06,72.3,60.0
Оренбургская обл.,251 828,12.96,28.12,205 642,1 755,410,367,11.06,81.66,46.09
Тюменская обл.,250 711,16.24,35.82,173 933,3 256,160,138,10.06,69.38,45.34
Омская обл.,234 479,12.32,25.8,191 221,1 887,380,357,12.06,81.55,47.76
Ленинградская обл.,199 828,10.56,26.64,153 052,1 550,482,355,10.06,76.59,39.63
Тульская обл.,196 000,13.53,27.0,160 000,1 714,308,309,11.06,81.63,50.11
Саха,184 603,18.8,26.56,134 434,1 067,287,478,12.06,72.82,70.79
Кировская обл.,181 189,14.49,25.34,149 222,1 289,344,414,11.06,82.36,57.18
Забайкальский край,173 666,16.48,36.62,146 249,862,410,349,12.06,84.21,45.0
Приморский край,172 491,9.19,27.11,118 672,1 953,392,238,12.06,68.8,33.9
Липецкая обл.,155 000,13.74,28.36,131 000,629,650,622,11.06,84.52,48.44
Курская обл.,149 197,13.61,27.94,127 483,955,418,403,11.06,85.45,48.71
Мордовия,148 419,19.05,30.97,121 902,1 057,228,313,11.06,82.13,61.52
Брянская обл.,145 487,12.3,25.66,48 000,1 040,429,405,12.06,32.99,47.94
Бурятия,144 150,14.63,33.41,107 259,2 007,174,143,11.06,74.41,43.79
Тверская обл.,143 915,11.55,24.19,104 994,761,629,593,12.06,72.96,47.75
Пензенская обл.,143 563,11.12,22.55,116 713,1 056,475,467,9.06,81.3,49.31
Ульяновская обл.,142 895,11.73,30.66,109 416,1 289,362,251,8.06,76.57,38.25
Ивановская обл.,140 274,14.21,32.53,120 169,644,549,452,12.06,85.67,43.69
Астраханская обл.,139 768,14.01,32.89,109 638,1 159,310,246,12.06,78.44,42.6
Тамбовская обл.,138 800,13.96,28.02,109 627,996,360,358,12.06,78.98,49.83
Ярославская обл.,135 000,10.87,22.26,113 000,680,714,693,11.06,83.7,48.84
Удмуртия,133 304,8.93,29.62,106 713,1 445,424,219,12.06,80.05,30.15
Архангельская обл.,129 868,12.0,28.72,106 638,972,423,332,11.06,82.11,41.78
Хабаровский край,128 000,9.84,20.88,94 674,786,665,617,11.06,73.96,47.12
Вологодская обл.,125 931,10.94,23.28,97 817,848,530,489,11.06,77.68,47.0
Калининградская обл.,125 287,12.3,33.41,100 040,755,509,331,8.06,79.85,36.82
Чувашия,125 000,10.35,21.26,93 419,905,529,512,11.06,74.74,48.69
Томская обл.,118 315,11.05,23.75,90 821,1 274,327,298,9.06,76.76,46.53
Рязанская обл.,115 000,10.47,21.25,87 718,1 111,391,384,10.06,76.28,49.28
Чечня,113 000,7.54,20.0,60 000,2 995,212,151,8.06,53.1,37.7
Владимирская обл.,112 830,8.41,18.81,93 893,670,833,727,10.06,83.22,44.72
Амурская обл.,108 088,13.82,29.8,86 000,572,494,445,9.06,79.56,46.38
Коми,107 829,13.25,28.45,80 573,681,439,398,11.06,74.72,46.57
Дагестан,107 817,3.44,7.99,19 949,1 219,1 197,1 019,12.06,18.5,43.07
Калужская обл.,106 500,10.64,21.84,84 457,1 053,374,362,7.06,79.3,48.72
Курганская обл.,106 066,12.96,27.23,77 176,1 358,223,209,4.06,72.76,47.6
Мурманская обл.,97 500,13.3,28.0,80 000,611,440,410,8.06,82.05,47.5
Смоленская обл.,95 166,10.33,20.55,77 812,688,531,535,12.06,81.76,50.28
Ямало-Ненецкий АО,89 000,16.27,36.48,73 000,551,335,281,10.06,82.02,44.61
Карелия,84 893,13.94,29.21,69 646,562,391,366,8.06,82.04,47.72
Орловская обл.,82 269,11.35,23.14,68 948,495,566,552,10.06,83.81,49.05
Сахалинская обл.,81 862,16.86,35.08,70 260,471,342,322,12.06,85.83,48.06
Костромская обл.,75 602,12.03,25.02,64 021,348,686,651,12.06,84.68,48.09
Новгородская обл.,73 644,12.43,25.63,59 832,739,301,289,11.06,81.24,48.49
Севастополь,69 745,13.68,31.85,57 977,414,447,361,11.06,83.13,42.96
Псковская обл.,64 600,10.42,21.13,52 900,486,505,496,11.06,81.89,49.32
Марий Эл,63 756,9.44,20.1,51 668,558,491,454,11.06,81.04,46.96
Хакасия,63 287,11.9,26.15,49 349,556,365,321,10.06,77.98,45.5
Тыва,53 231,16.11,42.83,40 907,529,212,134,9.06,76.85,37.62
Карачаево-Черкесия,50 402,10.83,23.33,37 149,612,298,271,9.06,73.71,46.41
Северная Осетия,49 972,7.21,15.63,38 173,552,537,489,10.06,76.39,46.14
Ингушетия,47 580,9.23,22.73,31 531,438,480,369,9.06,66.27,40.61
Кабардино-Балкария,39 906,4.59,10.05,29 424,537,735,665,7.06,73.73,45.65
Калмыкия,39 000,14.45,31.71,34 000,219,438,384,12.06,87.18,45.57
Камчатский край,35 730,11.46,24.14,31 396,140,858,802,11.06,87.87,47.47
Алтай,31 535,14.27,37.6,24 735,371,213,141,12.06,78.44,37.95
Адыгея,30 443,6.57,15.85,22 000,397,507,407,1.06,72.27,41.46
Магаданская обл.,25 170,18.1,59.93,21 244,182,244,92,11.06,84.4,30.2
Еврейская АО,14 500,9.27,20.11,11 000,214,298,269,2.06,75.86,46.09
Чукотский АО,13 491,27.24,59.68,11 120,86,131,106,8.06,82.43,45.64
Ненецкий АО,9 074,20.44,47.07,7 294,92,143,111,7.06,80.38,43.42
