регион,"привито, чел.",% от насе-ления,"привито двумя комп., чел.","новых привитых, чел./день",дней до вакц. 50% нас.,обнов-лено,источник,"прогноз приви-тых, чел. *"
Москва,1 000 000,7.9,800 000,42 857,124,26.03,перейти,1 814 283
Московская обл.,600 000,7.78,,14 286,228,9.04,перейти,671 430
Санкт-Петербург,471 559,8.76,325 806,6 852,324,14.04,перейти,471 559
Краснодарский край,292 000,5.14,175 000,8 429,303,14.04,перейти,292 000
Свердловская обл.,267 000,6.22,174 000,4 840,388,12.04,перейти,276 680
Самарская обл.,224 000,7.1,147 000,5 286,256,13.04,перейти,229 286
Ростовская обл.,209 932,5.02,108 852,5 990,314,14.04,перейти,209 932
Нижегородская обл.,197 000,6.2,130 000,4 533,307,13.04,перейти,201 533
Башкортостан,188 735,4.7,113 409,4 013,453,14.04,перейти,188 735
Татарстан,182 438,4.68,107 184,3 608,489,14.04,перейти,182 438
Воронежская обл.,179 000,7.76,111 000,4 571,213,14.04,перейти,179 000
Челябинская обл.,175 000,5.08,110 000,4 394,352,14.04,перейти,175 000
Белгородская обл.,160 347,10.4,103 358,3 344,183,14.04,перейти,160 347
Красноярский край,155 456,5.44,110 579,2 419,526,14.04,перейти,155 456
Волгоградская обл.,146 000,5.9,64 000,6 571,166,14.04,перейти,146 000
Ставропольский край,143 000,5.12,81 500,3 857,325,14.04,перейти,143 000
Новосибирская обл.,142 514,5.12,90 107,3 790,330,13.04,перейти,146 304
Кемеровская обл.,139 837,5.31,92 290,2 834,415,14.04,перейти,139 837
Алтайский край,133 570,5.82,77 082,3 204,317,14.04,перейти,133 570
Саратовская обл.,132 695,5.54,90 053,2 578,413,14.04,перейти,132 695
Иркутская обл.,126 577,5.33,81 181,2 861,371,14.04,перейти,126 577
Пермский край,120 570,4.67,69 595,2 851,410,14.04,перейти,120 570
Оренбургская обл.,120 510,6.2,12 905,4 177,204,14.04,перейти,120 510
Омская обл.,114 716,6.03,60 289,3 992,210,14.04,перейти,114 716
Тульская обл.,110 000,7.59,70 000,2 357,261,14.04,перейти,110 000
Ленинградская обл.,102 500,5.42,60 674,2 786,303,14.04,перейти,102 500
Кировская обл.,94 614,7.57,46 289,4 392,121,12.04,перейти,103 398
Тверская обл.,92 846,7.45,15 000,1 380,384,14.04,перейти,92 846
Крым,92 633,4.87,61 430,2 340,367,13.04,перейти,94 973
Ханты-Мансийский АО,88 840,5.26,56 399,4 068,186,13.04,перейти,92 908
Ивановская обл.,88 400,8.96,55 447,1 760,230,14.04,перейти,88 400
Липецкая обл.,87 700,7.77,62 900,1 871,255,8.04,перейти,98 926
Забайкальский край,87 295,8.29,50 360,3 899,113,14.04,перейти,87 295
Брянская обл.,87 097,7.36,48 000,1 466,344,13.04,перейти,88 563
Курская обл.,87 001,7.93,58 986,1 482,311,14.04,перейти,87 001
Саха,84 010,8.56,53 628,2 965,137,14.04,перейти,84 010
Тюменская обл.,82 300,5.33,51 000,3 009,229,13.04,перейти,85 309
Пензенская обл.,80 000,6.2,40 639,1 640,345,14.04,перейти,80 000
Мордовия,79 646,10.22,48 435,1 591,195,14.04,перейти,79 646
Приморский край,78 237,4.17,54 389,1 411,610,14.04,перейти,78 237
Ярославская обл.,76 000,6.12,50 038,1 977,276,14.04,перейти,76 000
Тамбовская обл.,74 925,7.53,51 416,1 543,274,14.04,перейти,74 925
Ульяновская обл.,72 039,5.91,45 402,3 148,171,13.04,перейти,75 187
Владимирская обл.,67 000,4.99,46 398,1 800,336,14.04,перейти,67 000
Астраханская обл.,63 412,6.36,36 354,1 492,292,14.04,перейти,63 412
Удмуртия,62 424,4.18,41 036,1 583,432,14.04,перейти,62 424
Амурская обл.,60 900,7.79,43 397,1 946,170,9.04,перейти,70 630
Калужская обл.,60 863,6.08,40 000,1 266,347,14.04,перейти,60 863
Калининградская обл.,60 505,5.94,33 130,2 558,175,13.04,перейти,63 063
Хабаровский край,57 526,4.42,39 721,894,663,13.04,перейти,58 420
Вологодская обл.,55 550,4.83,35 540,1 464,355,14.04,перейти,55 550
Рязанская обл.,52 960,4.82,36 179,923,538,9.04,перейти,57 575
Архангельская обл.,52 500,4.85,36 969,357,1 369,12.04,перейти,53 214
Бурятия,52 473,5.32,40 583,1 341,328,9.04,перейти,59 178
Чувашия,51 000,4.22,33 000,1 143,484,13.04,перейти,52 143
Томская обл.,48 882,4.57,34 284,998,487,12.04,перейти,50 878
Сахалинская обл.,48 701,10.03,34 755,757,256,14.04,перейти,48 701
Курганская обл.,48 438,5.92,30 482,1 344,268,14.04,перейти,48 438
Карелия,47 734,7.84,31 686,1 391,185,13.04,перейти,49 125
Дагестан,47 018,1.5,19 949,1 592,955,14.04,перейти,47 018
Орловская обл.,47 002,6.49,32 014,894,353,14.04,перейти,47 002
Чечня,44 000,2.94,25 498,1 228,574,14.04,перейти,44 000
Костромская обл.,43 977,7.0,30 785,1 282,211,13.04,перейти,45 259
Коми,41 128,5.06,25 402,873,419,14.04,перейти,41 128
Мурманская обл.,40 000,5.46,29 000,614,532,12.04,перейти,41 228
Ямало-Ненецкий АО,36 668,6.7,27 601,827,286,12.04,перейти,38 322
Новгородская обл.,35 847,6.05,22 865,1 167,223,12.04,перейти,38 181
Смоленская обл.,35 500,3.85,26 595,981,433,27.03,перейти,53 158
Псковская обл.,33 500,5.4,22 500,786,352,13.04,перейти,34 286
Хакасия,31 528,5.93,19 326,789,297,14.04,перейти,31 528
Марий Эл,31 312,4.64,19 586,932,329,12.04,перейти,33 176
Севастополь,28 558,5.6,17 164,678,334,14.04,перейти,28 558
Тыва,24 718,7.48,11 209,863,163,14.04,перейти,24 718
Северная Осетия,23 092,3.33,13 959,693,467,12.04,перейти,24 478
Калмыкия,22 305,8.26,7 000,1 401,80,13.04,перейти,23 706
Кабардино-Балкария,21 400,2.46,13 000,343,1 205,14.04,перейти,21 400
Камчатский край,19 287,6.19,14 735,382,357,14.04,перейти,19 287
Адыгея,16 748,3.62,11 600,290,741,8.04,перейти,18 488
Ингушетия,16 170,3.14,11 777,284,851,5.04,перейти,18 726
Карачаево-Черкесия,15 265,3.28,10 048,476,457,9.04,перейти,17 645
Алтай,14 188,6.42,8 802,459,210,14.04,перейти,14 188
Магаданская обл.,13 184,9.48,8 964,446,126,14.04,перейти,13 184
Чукотский АО,7 945,16.04,5 409,100,168,14.04,перейти,7 945
Еврейская АО,7 869,5.03,5 864,220,320,9.04,перейти,8 969
Ненецкий АО,4 621,10.41,3 041,64,275,12.04,перейти,4 749
