регион,"привито, чел.",% от насе-ления,"привито двумя комп., чел.","новых привитых, чел./день",дней до вакц. 50% нас.,обнов-лено,источник,"прогноз приви-тых, чел. *"
Москва,1 300 000,10.27,820 000,42 857,117,14.05,перейти,1 342 857
Московская обл.,900 000,11.68,340 938,10 000,295,11.05,перейти,940 000
Санкт-Петербург,615 014,11.42,515 524,3 827,543,15.05,перейти,615 014
Краснодарский край,464 892,8.18,210 680,7 127,334,14.05,перейти,472 019
Свердловская обл.,419 617,9.78,321 170,4 517,382,13.05,перейти,428 651
Ростовская обл.,367 203,8.78,261 833,5 126,336,15.05,перейти,367 203
Самарская обл.,333 000,10.56,254 000,3 571,348,13.05,перейти,340 142
Башкортостан,303 127,7.55,215 428,2 662,640,14.05,перейти,305 789
Нижегородская обл.,300 000,9.44,220 000,2 684,480,13.05,перейти,305 368
Татарстан,289 863,7.44,208 803,2 497,664,15.05,перейти,289 863
Новосибирская обл.,253 000,9.08,178 000,2 696,423,14.05,перейти,255 696
Белгородская обл.,251 561,16.32,184 789,2 119,245,15.05,перейти,251 561
Челябинская обл.,251 000,7.29,200 129,5 857,251,14.05,перейти,256 857
Воронежская обл.,245 000,10.63,201 000,3 571,254,14.05,перейти,248 571
Волгоградская обл.,239 000,9.66,176 000,1 571,635,15.05,перейти,239 000
Красноярский край,232 940,8.16,165 861,4 706,254,11.05,перейти,251 764
Иркутская обл.,223 542,9.41,154 666,3 089,312,15.05,перейти,223 542
Ставропольский край,217 000,7.77,160 000,1 857,635,14.05,перейти,218 857
Алтайский край,215 552,9.39,166 676,1 733,538,15.05,перейти,215 552
Кемеровская обл.,213 307,8.1,157 000,1 758,628,14.05,перейти,215 065
Саратовская обл.,202 923,8.47,154 066,1 775,560,14.05,перейти,204 698
Оренбургская обл.,200 000,10.29,12 905,3 444,224,15.05,перейти,200 000
Пермский край,198 827,7.71,152 952,2 055,531,15.05,перейти,198 827
Омская обл.,183 528,9.64,139 460,1 434,536,15.05,перейти,183 528
Крым,179 749,9.45,118 779,2 536,304,13.05,перейти,184 821
Ханты-Мансийский АО,170 692,10.11,102 269,4 195,160,11.05,перейти,187 472
Тюменская обл.,168 496,10.92,98 407,4 061,149,14.05,перейти,172 557
Ленинградская обл.,154 214,8.15,116 841,989,801,14.05,перейти,155 203
Тульская обл.,152 000,10.49,123 000,571,1 003,14.05,перейти,152 571
Кировская обл.,142 921,11.43,107 820,1 411,342,13.05,перейти,145 743
Забайкальский край,142 057,13.48,106 708,1 734,222,15.05,перейти,142 057
Саха,136 000,13.85,97 957,3 647,97,15.05,перейти,136 000
Липецкая обл.,125 000,11.08,102 000,714,615,11.05,перейти,127 856
Курская обл.,123 409,11.25,104 375,1 847,230,15.05,перейти,123 409
Приморский край,122 221,6.51,87 910,2 135,383,15.05,перейти,122 221
Тверская обл.,119 791,9.62,104 994,618,814,15.05,перейти,119 791
Ивановская обл.,118 970,12.05,97 499,652,574,15.05,перейти,118 970
Мордовия,114 769,14.73,92 740,769,357,15.05,перейти,114 769
Брянская обл.,113 400,9.59,48 000,914,523,14.05,перейти,114 314
Пензенская обл.,113 018,8.75,89 791,594,896,13.05,перейти,114 206
Ярославская обл.,108 000,8.7,79 110,1 143,449,13.05,перейти,110 286
Тамбовская обл.,106 838,10.74,82 953,1 067,366,15.05,перейти,106 838
Ульяновская обл.,104 997,8.62,79 144,523,964,11.05,перейти,107 089
Удмуртия,103 753,6.95,74 788,1 192,539,15.05,перейти,103 753
Архангельская обл.,101 946,9.42,73 720,1 143,384,15.05,перейти,101 946
Астраханская обл.,101 902,10.21,77 104,1 071,371,15.05,перейти,101 902
Бурятия,101 831,10.33,68 476,2 833,138,14.05,перейти,104 664
Калининградская обл.,99 023,9.72,74 363,1 515,271,15.05,перейти,99 023
Хабаровский край,96 500,7.42,60 000,1 205,460,15.05,перейти,96 500
Вологодская обл.,95 000,8.25,70 000,1 571,306,14.05,перейти,96 571
Владимирская обл.,90 570,6.75,71 770,653,889,12.05,перейти,92 529
Рязанская обл.,89 799,8.18,69 461,1 318,349,14.05,перейти,91 117
Амурская обл.,85 914,10.99,65 595,862,354,7.05,перейти,92 810
Калужская обл.,82 000,8.19,62 629,306,1 368,11.05,перейти,83 224
Чувашия,81 000,6.71,55 000,1 714,305,6.05,перейти,96 426
Коми,80 515,9.9,52 981,850,384,12.05,перейти,83 065
Томская обл.,80 135,7.49,57 137,611,745,11.05,перейти,82 579
Дагестан,77 245,2.47,19 949,878,1 696,14.05,перейти,78 123
Мурманская обл.,76 000,10.37,57 511,1 571,185,12.05,перейти,80 713
Курганская обл.,74 244,9.07,52 865,3 687,91,11.05,перейти,88 992
Смоленская обл.,71 049,7.71,57 623,470,829,14.05,перейти,71 519
Карелия,70 787,11.62,55 458,960,243,14.05,перейти,71 747
Ямало-Ненецкий АО,70 000,12.8,49 000,714,285,14.05,перейти,70 714
Сахалинская обл.,67 767,13.95,54 388,431,406,15.05,перейти,67 767
Орловская обл.,66 395,9.16,52 441,945,313,13.05,перейти,68 285
Чечня,63 626,4.25,25 498,1 089,629,7.05,перейти,72 338
Костромская обл.,63 218,10.06,43 981,423,593,15.05,перейти,63 218
Севастополь,55 894,10.96,40 638,797,250,14.05,перейти,56 691
Новгородская обл.,55 166,9.31,37 898,930,259,11.05,перейти,58 886
Марий Эл,51 089,7.57,40 648,441,650,14.05,перейти,51 530
Псковская обл.,50 000,8.06,38 700,371,701,13.05,перейти,50 742
Хакасия,48 299,9.08,37 519,380,573,14.05,перейти,48 679
Тыва,42 258,12.79,23 390,417,295,14.05,перейти,42 675
Северная Осетия,35 774,5.16,25 445,622,500,12.05,перейти,37 640
Карачаево-Черкесия,35 393,7.61,20 913,762,259,14.05,перейти,36 155
Калмыкия,34 685,12.85,25 443,669,150,15.05,перейти,34 685
Камчатский край,30 328,9.73,22 977,816,154,13.05,перейти,31 960
Кабардино-Балкария,29 147,3.35,22 700,450,901,13.05,перейти,30 047
Ингушетия,25 000,4.85,15 352,450,517,30.04,перейти,31 750
Алтай,23 298,10.54,18 711,232,376,15.05,перейти,23 298
Адыгея,22 943,4.95,15 500,284,735,15.05,перейти,22 943
Магаданская обл.,20 219,14.54,14 679,173,285,13.05,перейти,20 565
Чукотский АО,10 700,21.6,8 200,67,210,12.05,перейти,10 901
Еврейская АО,10 000,6.39,7 881,165,414,5.05,перейти,11 650
Ненецкий АО,6 952,15.66,4 938,118,129,12.05,перейти,7 306
