регион,"привито, чел.",% от насе-ления,% от плана ***,"привито двумя комп., чел.","новых привитых, чел./день",дней до вакц. 50% нас.,дней до вып. плана,обнов-лено,источник,"прогноз приви-тых, чел. *","2 комп./1 комп., %"
Москва,1 500 000,11.85,,1 300 000,14 286,338,,26.05,перейти,1 585 716,86.67
Московская обл.,1 075 000,13.95,26.88,1 000 000,5 000,556,585,31.05,перейти,1 080 000,93.02
Санкт-Петербург,694 264,12.89,57.86,576 570,4 918,406,103,1.06,перейти,694 264,83.05
Краснодарский край,550 548,9.69,20.39,428 231,6 389,359,336,28.05,перейти,576 104,77.78
Свердловская обл.,462 612,10.78,,380 913,2 991,562,,28.05,перейти,474 576,82.34
Ростовская обл.,446 539,10.68,26.27,334 732,3 976,414,315,1.06,перейти,446 539,74.96
Самарская обл.,400 000,12.68,26.67,320 000,3 571,330,308,1.06,перейти,400 000,80.0
Башкортостан,365 408,9.1,,278 026,3 097,530,,1.06,перейти,365 408,76.09
Татарстан,364 867,9.37,19.72,262 439,5 885,269,252,1.06,перейти,364 867,71.93
Нижегородская обл.,350 000,11.02,35.0,275 000,3 000,413,217,31.05,перейти,353 000,78.57
Красноярский край,335 000,11.73,25.77,191 109,11 581,94,83,1.06,перейти,335 000,57.05
Белгородская обл.,307 641,19.96,41.02,223 392,3 365,138,131,1.06,перейти,307 641,72.61
Новосибирская обл.,302 708,10.87,23.29,226 416,3 287,332,303,28.05,перейти,315 856,74.8
Волгоградская обл.,300 000,12.12,,227 000,3 214,292,,1.06,перейти,300 000,75.67
Челябинская обл.,300 000,8.71,18.75,245 554,3 571,398,364,1.06,перейти,300 000,81.85
Воронежская обл.,292 476,12.69,24.85,233 400,2 854,301,310,1.06,перейти,292 476,79.8
Иркутская обл.,269 407,11.34,26.94,200 476,2 480,370,295,1.06,перейти,269 407,74.41
Кемеровская обл.,264 000,10.02,21.36,167 200,571,1 844,1 702,31.05,перейти,264 571,63.33
Ставропольский край,259 334,9.29,19.95,203 000,2 183,521,477,31.05,перейти,261 517,78.28
Алтайский край,250 217,10.9,22.75,199 533,2 113,425,402,1.06,перейти,250 217,79.74
Саратовская обл.,248 273,10.37,20.62,194 184,3 050,311,313,1.06,перейти,248 273,78.21
Ханты-Мансийский АО,245 187,14.53,32.69,166 506,3 261,184,155,1.06,перейти,245 187,67.91
Пермский край,237 304,9.2,,181 723,2 383,442,,1.06,перейти,237 304,76.58
Оренбургская обл.,230 378,11.86,25.73,12 905,2 135,347,312,1.06,перейти,230 378,5.6
Крым,224 079,11.78,19.64,166 429,5 245,139,175,28.05,перейти,245 059,74.27
Тюменская обл.,215 429,13.96,,137 203,5 106,109,,28.05,перейти,235 853,63.69
Омская обл.,213 022,11.19,23.43,170 182,1 819,406,383,1.06,перейти,213 022,79.89
Ленинградская обл.,181 969,9.61,24.26,142 151,1 899,403,299,29.05,перейти,187 666,78.12
Тульская обл.,170 000,11.73,29.85,140 000,2 571,216,155,24.05,перейти,190 568,82.35
Саха,167 683,17.08,24.12,111 350,3 072,105,172,1.06,перейти,167 683,66.41
Забайкальский край,162 297,15.41,34.22,126 919,746,489,418,1.06,перейти,162 297,78.2
Кировская обл.,160 000,12.8,,123 000,1 286,362,,26.05,перейти,167 716,76.88
Приморский край,148 608,7.91,23.35,105 880,1 774,445,275,30.05,перейти,152 156,71.25
Курская обл.,138 778,12.66,24.35,116 112,1 079,379,400,1.06,перейти,138 778,83.67
Мордовия,136 146,17.48,28.41,109 031,1 165,217,295,1.06,перейти,136 146,80.08
Липецкая обл.,135 400,12.0,,120 000,0,-,,27.05,перейти,135 400,88.63
Пензенская обл.,134 000,10.38,21.05,112 000,1 186,431,424,1.06,перейти,134 000,83.58
Тверская обл.,133 964,10.75,,104 994,981,498,,1.06,перейти,133 964,78.37
Ульяновская обл.,132 169,10.85,28.36,101 798,1 386,344,241,31.05,перейти,133 555,77.02
Ивановская обл.,132 089,13.38,,110 124,804,450,,1.06,перейти,132 089,83.37
Брянская обл.,130 847,11.06,23.08,48 000,1 121,411,389,28.05,перейти,135 331,36.68
Тамбовская обл.,125 401,12.61,25.31,95 971,1 135,328,326,1.06,перейти,125 401,76.53
Астраханская обл.,125 215,12.55,29.46,92 810,1 435,260,209,1.06,перейти,125 215,74.12
Калининградская обл.,120 000,11.78,32.0,86 629,1 429,272,178,1.06,перейти,120 000,72.19
Архангельская обл.,118 434,10.94,26.19,92 794,1 589,266,210,30.05,перейти,121 612,78.35
Удмуртия,117 137,7.84,,90 587,878,717,,1.06,перейти,117 137,77.33
Ярославская обл.,117 104,9.43,,96 619,1 121,449,,24.05,перейти,126 072,82.51
Бурятия,117 000,11.87,,80 000,2 167,173,,24.05,перейти,134 336,68.38
Вологодская обл.,115 000,9.99,21.1,87 000,1 143,403,376,31.05,перейти,116 143,75.65
Хабаровский край,107 000,8.22,,70 000,1 500,362,,24.05,перейти,119 000,65.42
Чувашия,107 000,8.86,18.16,75 440,2 000,248,241,27.05,перейти,117 000,70.5
Рязанская обл.,105 000,9.56,19.4,80 000,802,554,544,1.06,перейти,105 000,76.19
Амурская обл.,103 126,13.19,28.43,84 449,703,409,369,1.06,перейти,103 126,81.89
Владимирская обл.,102 480,7.64,17.08,84 000,926,614,537,26.05,перейти,108 036,81.97
Томская обл.,102 114,9.54,20.5,72 784,1 501,289,264,26.05,перейти,111 120,71.28
Курганская обл.,99 544,12.16,,72 136,993,312,,31.05,перейти,100 537,72.47
Калужская обл.,99 129,9.9,20.37,79 303,888,452,436,31.05,перейти,100 017,80.0
Дагестан,95 889,3.06,12.27,19 949,800,1 838,857,1.06,перейти,95 889,20.8
Мурманская обл.,92 600,12.64,27.0,70 800,800,342,313,31.05,перейти,93 400,76.46
Коми,89 000,10.94,23.48,63 585,1 212,262,239,21.05,перейти,102 332,71.44
Смоленская обл.,86 408,9.38,,68 018,881,425,,1.06,перейти,86 408,78.72
Ямало-Ненецкий АО,82 807,15.14,33.94,65 914,687,278,235,31.05,перейти,83 494,79.6
Орловская обл.,78 100,10.78,21.97,65 000,733,388,379,1.06,перейти,78 100,83.23
Карелия,77 588,12.74,26.7,63 083,745,305,286,26.05,перейти,82 058,81.31
Чечня,77 000,5.14,13.8,45 000,1 429,470,337,27.05,перейти,84 145,58.44
Сахалинская обл.,76 672,15.79,32.86,64 478,511,325,307,1.06,перейти,76 672,84.1
Костромская обл.,70 402,11.2,,59 600,532,458,,1.06,перейти,70 402,84.66
Новгородская обл.,66 324,11.2,,53 561,637,361,,31.05,перейти,66 961,80.76
Севастополь,65 295,12.8,,52 551,518,366,,1.06,перейти,65 295,80.48
Псковская обл.,59 300,9.56,,47 400,543,462,,1.06,перейти,59 300,79.93
Марий Эл,58 569,8.67,18.47,47 826,746,374,347,1.06,перейти,58 569,81.66
Хакасия,57 413,10.79,23.72,45 095,561,372,329,31.05,перейти,57 974,78.54
Карачаево-Черкесия,47 474,10.2,,31 432,701,264,,1.06,перейти,47 474,66.21
Тыва,47 046,14.24,37.94,33 013,478,247,161,24.05,перейти,50 870,70.17
Северная Осетия,45 000,6.49,,33 000,681,443,,1.06,перейти,45 000,73.33
Кабардино-Балкария,36 287,4.17,,27 644,453,879,,1.06,перейти,36 287,76.18
Калмыкия,34 685,12.85,28.2,25 443,669,150,132,15.05,перейти,46 058,73.35
Камчатский край,33 884,10.87,22.89,28 687,205,595,557,31.05,перейти,34 089,84.66
Ингушетия,31 698,6.15,,23 300,957,236,,17.05,перейти,46 053,73.51
Адыгея,30 443,6.57,15.85,22 000,492,409,329,1.06,перейти,30 443,72.27
Алтай,27 433,12.42,32.71,20 766,243,342,232,1.06,перейти,27 433,75.7
Магаданская обл.,23 351,16.8,55.6,19 024,148,312,126,1.06,перейти,23 351,81.47
Еврейская АО,13 000,8.31,,9 700,143,456,,26.05,перейти,13 858,74.62
Чукотский АО,12 801,25.85,56.63,10 172,142,84,69,31.05,перейти,12 943,79.46
Ненецкий АО,7 500,16.9,,5 600,78,188,,20.05,перейти,8 436,74.67
