регион,"привито, чел.",% от насе-ления,"привито двумя комп., чел.","новых привитых, чел./день",дней до вакц. 50% нас.,обнов-лено,источник,"прогноз приви-тых, чел. *"
Москва,1 000 000,7.9,820 000,0,-,15.04,перейти,1 000 000
Московская обл.,800 000,10.38,340 938,13 143,232,27.04,перейти,813 143
Санкт-Петербург,551 333,10.24,409 732,5 481,391,28.04,перейти,551 333
Краснодарский край,400 000,7.04,210 680,12 586,194,27.04,перейти,412 586
Свердловская обл.,366 161,8.54,229 325,13 023,137,28.04,перейти,366 161
Ростовская обл.,300 050,7.18,160 347,5 696,314,28.04,перейти,300 050
Самарская обл.,278 000,8.81,184 000,3 857,337,27.04,перейти,281 857
Нижегородская обл.,257 000,8.09,152 267,4 636,287,26.04,перейти,266 272
Башкортостан,251 434,6.26,153 783,4 498,390,28.04,перейти,251 434
Татарстан,239 013,6.14,151 259,4 197,407,28.04,перейти,239 013
Белгородская обл.,217 459,14.11,129 743,4 123,134,28.04,перейти,217 459
Воронежская обл.,217 000,9.41,150 000,3 429,273,28.04,перейти,217 000
Челябинская обл.,206 000,5.98,139 039,3 714,408,26.04,перейти,213 428
Волгоградская обл.,200 000,8.08,100 000,4 000,259,26.04,перейти,208 000
Новосибирская обл.,192 518,6.91,110 806,5 048,238,26.04,перейти,202 614
Ставропольский край,191 000,6.84,110 000,3 000,402,28.04,перейти,191 000
Иркутская обл.,182 477,7.68,102 285,4 334,232,28.04,перейти,182 477
Алтайский край,181 834,7.92,106 733,3 317,291,28.04,перейти,181 834
Кемеровская обл.,178 289,6.77,116 253,4 416,258,27.04,перейти,182 705
Саратовская обл.,175 461,7.33,111 108,3 635,281,28.04,перейти,175 461
Красноярский край,171 230,6.0,120 120,3 033,414,20.04,перейти,195 494
Пермский край,167 704,6.5,98 235,3 006,373,28.04,перейти,167 704
Оренбургская обл.,154 154,7.93,12 905,4 806,170,23.04,перейти,178 184
Омская обл.,154 003,8.09,82 959,2 557,312,28.04,перейти,154 003
Крым,151 687,7.98,76 518,4 101,195,28.04,перейти,151 687
Ханты-Мансийский АО,135 700,8.04,68 325,4 299,165,27.04,перейти,139 999
Тульская обл.,134 000,9.25,88 000,1 819,325,26.04,перейти,137 638
Ленинградская обл.,130 424,6.89,80 459,2 193,372,27.04,перейти,132 617
Кировская обл.,123 000,9.84,64 000,2 812,179,24.04,перейти,134 248
Тюменская обл.,120 817,7.83,60 207,3 845,169,27.04,перейти,124 662
Забайкальский край,116 159,11.03,68 562,2 215,185,28.04,перейти,116 159
Липецкая обл.,115 000,10.19,80 000,1 571,286,28.04,перейти,115 000
Тверская обл.,107 929,8.66,15 000,1 036,497,28.04,перейти,107 929
Ивановская обл.,106 795,10.82,72 274,1 218,318,28.04,перейти,106 795
Саха,106 011,10.8,60 449,1 181,326,28.04,перейти,106 011
Курская обл.,103 434,9.43,74 261,1 117,398,28.04,перейти,103 434
Пензенская обл.,103 333,8.0,62 760,1 506,360,28.04,перейти,103 333
Брянская обл.,103 255,8.73,48 000,977,500,26.04,перейти,105 209
Мордовия,101 784,13.07,65 436,1 344,214,28.04,перейти,101 784
Приморский край,98 015,5.22,66 942,1 414,595,28.04,перейти,98 015
Ульяновская обл.,95 754,7.86,56 386,1 885,272,28.04,перейти,95 754
Тамбовская обл.,92 082,9.26,60 495,1 159,350,28.04,перейти,92 082
Ярославская обл.,90 380,7.28,60 817,1 769,300,26.04,перейти,93 918
Удмуртия,85 104,5.7,49 968,1 681,394,28.04,перейти,85 104
Астраханская обл.,83 887,8.41,51 923,1 446,287,28.04,перейти,83 887
Калининградская обл.,82 000,8.05,47 000,3 071,139,27.04,перейти,85 071
Архангельская обл.,78 500,7.25,48 500,2 643,175,26.04,перейти,83 786
Рязанская обл.,77 000,7.01,50 000,2 241,211,28.04,перейти,77 000
Бурятия,76 547,7.77,46 424,3 050,136,26.04,перейти,82 647
Вологодская обл.,75 355,6.55,42 782,2 829,177,26.04,перейти,81 013
Владимирская обл.,75 000,5.59,53 000,571,1 044,27.04,перейти,75 571
Хабаровский край,75 000,5.76,45 554,1 429,403,27.04,перейти,76 429
Амурская обл.,74 934,9.58,49 232,2 005,158,23.04,перейти,84 959
Калужская обл.,73 184,7.31,48 728,1 080,396,27.04,перейти,74 264
Чувашия,69 000,5.71,42 000,1 365,392,26.04,перейти,71 730
Коми,67 846,8.34,35 211,2 556,133,28.04,перейти,67 846
Томская обл.,66 191,6.18,43 000,720,651,28.04,перейти,66 191
Мурманская обл.,65 000,8.87,49 682,2 714,111,26.04,перейти,70 428
Дагестан,64 242,2.05,19 949,1 311,1 146,28.04,перейти,64 242
Смоленская обл.,62 649,6.8,40 532,1 236,322,28.04,перейти,62 649
Карелия,60 777,9.98,36 352,1 247,195,25.04,перейти,64 518
Сахалинская обл.,59 401,12.23,41 656,794,231,28.04,перейти,59 401
Чечня,56 000,3.74,25 498,1 714,404,27.04,перейти,57 714
Костромская обл.,55 026,8.76,33 000,718,361,28.04,перейти,55 026
Орловская обл.,54 234,7.48,35 507,870,354,22.04,перейти,59 454
Ямало-Ненецкий АО,53 000,9.69,31 000,1 714,129,27.04,перейти,54 714
Новгородская обл.,48 653,8.21,28 340,952,260,26.04,перейти,50 557
Курганская обл.,48 438,5.92,30 482,1 344,268,14.04,перейти,67 254
Севастополь,47 957,9.4,23 413,1 198,173,28.04,перейти,47 957
Псковская обл.,42 500,6.85,28 000,643,416,27.04,перейти,43 143
Хакасия,42 011,7.9,25 374,709,316,28.04,перейти,42 011
Марий Эл,40 000,5.92,22 000,1 241,240,22.04,перейти,47 446
Тыва,32 512,9.84,12 897,832,159,26.04,перейти,34 176
Калмыкия,30 000,11.11,10 000,1 099,96,22.04,перейти,36 594
Северная Осетия,26 376,3.81,14 914,469,683,20.04,перейти,30 128
Карачаево-Черкесия,26 174,5.62,13 604,710,291,28.04,перейти,26 174
Кабардино-Балкария,26 000,2.99,15 100,374,1 093,28.04,перейти,26 000
Ингушетия,24 932,4.84,15 352,440,529,26.04,перейти,25 812
Камчатский край,24 619,7.9,15 476,762,172,26.04,перейти,26 143
Адыгея,20 400,4.4,14 800,383,551,28.04,перейти,20 400
Алтай,19 273,8.72,10 325,455,200,27.04,перейти,19 728
Магаданская обл.,15 544,11.18,10 641,156,346,27.04,перейти,15 700
Чукотский АО,9 640,19.46,6 882,162,93,28.04,перейти,9 640
Еврейская АО,8 846,5.65,6 394,140,496,19.04,перейти,10 106
Ненецкий АО,5 220,11.76,3 634,74,229,22.04,перейти,5 664
