регион,"привито, чел.",% от насе-ления,"привито двумя комп., чел.","новых привитых, чел./день",дней до вакц. 50% нас.,обнов-лено,источник,"прогноз приви-тых, чел. *"
Москва,1 000 000,7.9,820 000,0,-,15.04,перейти,1 000 000
Московская обл.,600 000,7.78,,14 286,228,9.04,перейти,685 716
Санкт-Петербург,471 559,8.76,330 000,5 565,399,15.04,перейти,471 559
Краснодарский край,292 000,5.14,175 000,8 429,303,14.04,перейти,300 429
Свердловская обл.,267 000,6.22,174 000,4 840,388,12.04,перейти,281 520
Самарская обл.,230 000,7.29,149 000,4 286,314,15.04,перейти,230 000
Ростовская обл.,218 319,5.22,111 383,6 241,300,15.04,перейти,218 319
Нижегородская обл.,211 000,6.64,124 000,4 609,299,15.04,перейти,211 000
Башкортостан,194 120,4.84,115 404,4 737,383,15.04,перейти,194 120
Татарстан,187 358,4.81,108 938,3 496,503,15.04,перейти,187 358
Воронежская обл.,179 000,7.76,111 000,4 571,213,14.04,перейти,183 571
Челябинская обл.,175 000,5.08,110 000,4 394,352,14.04,перейти,179 394
Белгородская обл.,164 480,10.67,103 573,3 605,168,15.04,перейти,164 480
Красноярский край,155 456,5.44,110 579,2 419,526,14.04,перейти,157 875
Волгоградская обл.,153 000,6.18,65 000,4 714,230,15.04,перейти,153 000
Новосибирская обл.,152 178,5.46,92 102,4 597,270,15.04,перейти,152 178
Ставропольский край,148 000,5.3,88 800,4 286,291,15.04,перейти,148 000
Кемеровская обл.,147 380,5.6,93 839,3 911,299,15.04,перейти,147 380
Алтайский край,138 776,6.04,78 645,3 266,309,15.04,перейти,138 776
Саратовская обл.,136 409,5.7,91 419,2 670,397,15.04,перейти,136 409
Иркутская обл.,128 836,5.42,82 340,2 619,404,15.04,перейти,128 836
Пермский край,126 032,4.89,71 101,3 188,365,15.04,перейти,126 032
Оренбургская обл.,120 510,6.2,12 905,4 177,204,14.04,перейти,124 687
Омская обл.,117 800,6.19,61 469,3 825,218,15.04,перейти,117 800
Тульская обл.,110 000,7.59,70 000,2 357,261,14.04,перейти,112 357
Ленинградская обл.,105 244,5.56,61 320,2 333,361,15.04,перейти,105 244
Кировская обл.,101 398,8.11,46 289,3 637,144,15.04,перейти,101 398
Липецкая обл.,100 000,8.86,62 900,1 757,264,15.04,перейти,100 000
Тверская обл.,94 477,7.58,15 000,1 347,392,15.04,перейти,94 477
Крым,92 633,4.87,61 430,2 340,367,13.04,перейти,97 313
Брянская обл.,90 820,7.68,48 000,1 399,358,15.04,перейти,90 820
Ивановская обл.,90 545,9.17,56 483,1 703,237,15.04,перейти,90 545
Забайкальский край,89 225,8.47,50 595,2 228,196,15.04,перейти,89 225
Ханты-Мансийский АО,88 840,5.26,56 399,4 068,186,13.04,перейти,96 976
Курская обл.,88 823,8.1,59 314,1 442,319,15.04,перейти,88 823
Тюменская обл.,88 269,5.72,51 891,3 630,188,15.04,перейти,88 269
Саха,87 539,8.91,53 826,3 469,116,15.04,перейти,87 539
Мордовия,82 045,10.53,48 648,1 628,189,15.04,перейти,82 045
Приморский край,80 154,4.27,54 389,1 398,614,15.04,перейти,80 154
Пензенская обл.,80 000,6.2,40 639,1 640,345,14.04,перейти,81 640
Ярославская обл.,78 000,6.28,52 000,2 262,240,15.04,перейти,78 000
Тамбовская обл.,76 319,7.67,51 673,1 373,307,15.04,перейти,76 319
Ульяновская обл.,72 039,5.91,45 402,3 148,171,13.04,перейти,78 335
Владимирская обл.,67 000,4.99,46 398,1 800,336,14.04,перейти,68 800
Астраханская обл.,65 544,6.57,36 960,1 493,290,15.04,перейти,65 544
Удмуртия,64 466,4.32,41 213,1 590,429,15.04,перейти,64 466
Рязанская обл.,61 311,5.58,39 828,1 616,302,15.04,перейти,61 311
Амурская обл.,60 900,7.79,43 397,1 946,170,9.04,перейти,72 576
Калужская обл.,60 863,6.08,40 000,1 266,347,14.04,перейти,62 129
Калининградская обл.,60 505,5.94,33 130,2 558,175,13.04,перейти,65 621
Хабаровский край,57 526,4.42,39 721,894,663,13.04,перейти,59 314
Вологодская обл.,55 550,4.83,35 540,1 464,355,14.04,перейти,57 014
Бурятия,55 200,5.6,41 200,743,589,15.04,перейти,55 200
Архангельская обл.,52 500,4.85,36 969,357,1 369,12.04,перейти,53 571
Чувашия,51 000,4.22,33 000,1 143,484,13.04,перейти,53 286
Сахалинская обл.,49 861,10.27,34 997,790,244,15.04,перейти,49 861
Томская обл.,48 882,4.57,34 284,998,487,12.04,перейти,51 876
Карелия,48 800,8.01,31 686,986,259,15.04,перейти,48 800
Дагестан,48 575,1.55,19 949,1 581,960,15.04,перейти,48 575
Курганская обл.,48 438,5.92,30 482,1 344,268,14.04,перейти,49 782
Орловская обл.,48 142,6.64,32 490,1 057,297,15.04,перейти,48 142
Чечня,44 000,2.94,25 498,1 228,574,14.04,перейти,45 228
Костромская обл.,43 977,7.0,30 785,1 282,211,13.04,перейти,46 541
Коми,41 128,5.06,25 402,873,419,14.04,перейти,42 001
Мурманская обл.,40 000,5.46,29 000,614,532,12.04,перейти,41 842
Ямало-Ненецкий АО,39 500,7.22,28 000,1 073,218,15.04,перейти,39 500
Новгородская обл.,39 081,6.6,23 262,912,282,15.04,перейти,39 081
Смоленская обл.,35 500,3.85,26 595,981,433,27.03,перейти,54 139
Псковская обл.,33 500,5.4,22 500,786,352,13.04,перейти,35 072
Хакасия,32 479,6.1,19 635,762,306,15.04,перейти,32 479
Марий Эл,31 312,4.64,19 586,932,329,12.04,перейти,34 108
Севастополь,30 518,5.98,17 764,857,262,15.04,перейти,30 518
Северная Осетия,25 000,3.61,14 300,965,333,15.04,перейти,25 000
Тыва,24 718,7.48,11 209,863,163,14.04,перейти,25 581
Калмыкия,22 305,8.26,7 000,1 401,80,13.04,перейти,25 107
Кабардино-Балкария,22 000,2.53,13 000,429,962,15.04,перейти,22 000
Камчатский край,19 287,6.19,14 735,382,357,14.04,перейти,19 669
Адыгея,17 720,3.83,12 095,139,1 539,15.04,перейти,17 720
Ингушетия,16 170,3.14,11 777,284,851,5.04,перейти,19 010
Карачаево-Черкесия,15 265,3.28,10 048,476,457,9.04,перейти,18 121
Алтай,14 188,6.42,8 802,459,210,14.04,перейти,14 647
Магаданская обл.,13 184,9.48,8 986,446,126,15.04,перейти,13 184
Чукотский АО,7 945,16.04,5 409,100,168,14.04,перейти,8 045
Еврейская АО,7 869,5.03,5 864,220,320,9.04,перейти,9 189
Ненецкий АО,4 700,10.59,3 181,50,350,15.04,перейти,4 700
