,Регион,Число прививок,% от населения,Прививок в день,Обновлено
0,Москва,1 000 000,7.89,40 857,6.04
1,Московская обл.,545 000,7.09,17 864,6.04
2,Санкт-Петербург,406 840,7.54,6 735,6.04
3,Свердловская обл.,233 122,5.41,5 822,6.04
4,Краснодарский край,203 567,3.59,4 090,6.04
5,Самарская обл.,187 000,5.88,3 855,6.04
6,Нижегородская обл.,165 269,5.16,4 105,6.04
7,Ростовская обл.,153 628,3.66,4 577,6.04
8,Башкортостан,151 180,3.74,3 268,6.04
9,Татарстан,148 468,3.8,3 073,6.04
10,Воронежская обл.,147 000,6.32,3 029,6.04
11,Красноярский край,134 765,4.7,5 966,6.04
12,Белгородская обл.,127 043,8.2,2 334,6.04
13,Челябинская обл.,119 530,3.45,1 933,6.04
14,Кемеровская обл.,116 968,4.4,2 335,6.04
15,Новосибирская обл.,111 134,3.97,1 376,6.04
16,Саратовская обл.,111 035,4.58,1 786,6.04
17,Ставропольский край,111 000,3.96,1 871,6.04
18,Алтайский край,107 175,4.63,2 673,6.04
19,Иркутская обл.,104 436,4.37,1 616,6.04
20,Пермский край,97 048,3.73,2 341,6.04
21,Волгоградская обл.,93 000,3.73,4 000,6.04
22,Оренбургская обл.,91 275,4.66,2 370,6.04
23,Тульская обл.,91 000,6.21,2 006,6.04
24,Омская обл.,82 011,4.26,2 391,6.04
25,Тверская обл.,79 462,6.3,1 130,6.04
26,Липецкая обл.,74 600,6.55,1 229,6.04
27,Брянская обл.,72 334,6.08,1 064,6.04
28,Крым,72 199,3.77,1 386,6.04
29,Ленинградская обл.,71 864,3.83,1 268,6.04
30,Ивановская обл.,70 869,7.11,1 172,6.04
31,Курская обл.,67 315,6.1,1 056,6.04
32,Приморский край,64 392,3.04,826,6.04
33,Кировская обл.,63 870,5.06,2 237,6.04
34,Тамбовская обл.,60 855,6.04,771,6.04
35,Саха,60 627,6.24,698,6.04
36,Ханты-Мансийский АО,60 320,3.6,405,6.04
37,Мордовия,60 157,7.61,1 436,6.04
38,Забайкальский край,59 000,5.57,1 127,6.04
39,Пензенская обл.,58 827,4.51,2 132,6.04
40,Ярославская обл.,58 669,4.68,771,6.04
41,Тюменская обл.,56 678,3.69,630,6.04
42,Владимирская обл.,54 400,4.0,961,6.04
43,Ульяновская обл.,49 744,4.04,539,6.04
44,Хабаровский край,48 800,3.71,985,6.04
45,Калужская обл.,48 628,4.85,518,6.04
46,Удмуртия,48 221,3.21,821,6.04
47,Амурская обл.,47 277,5.98,655,6.04
48,Рязанская обл.,46 500,4.19,929,6.04
49,Астраханская обл.,45 718,4.55,1 104,6.04
50,Бурятия,43 086,4.37,288,6.04
51,Архангельская обл.,43 000,3.94,571,6.04
52,Калининградская обл.,42 596,4.21,1 199,6.04
53,Чувашия,40 657,3.34,1 025,6.04
54,Сахалинская обл.,40 427,8.28,529,6.04
55,Вологодская обл.,38 350,3.3,276,6.04
56,Орловская обл.,36 005,4.91,264,6.04
57,Карелия,36 000,5.86,399,6.04
58,Смоленская обл.,35 500,3.8,981,6.04
59,Костромская обл.,35 000,5.53,286,6.04
60,Томская обл.,34 710,3.22,29,6.04
61,Мурманская обл.,32 000,4.32,286,6.04
62,Дагестан,31 711,1.02,808,6.04
63,Ямало-Ненецкий АО,30 879,5.67,384,6.04
64,Курганская обл.,30 582,3.7,997,6.04
65,Коми,30 000,3.66,110,6.04
66,Чечня,29 000,1.96,143,6.04
67,Новгородская обл.,27 678,4.64,483,6.04
68,Псковская обл.,24 000,3.83,254,6.04
69,Хакасия,23 225,4.35,425,6.04
70,Марий Эл,23 039,3.39,274,6.04
71,Севастополь,21 914,4.88,443,6.04
72,Северная Осетия,18 244,2.62,477,6.04
73,Кабардино-Балкария,16 000,1.84,368,6.04
74,Камчатский край,15 858,5.07,108,6.04
75,Адыгея,14 719,3.18,146,6.04
76,Ингушетия,14 183,2.8,279,6.04
77,Тыва,12 440,3.8,81,6.04
78,Калмыкия,12 000,4.43,257,6.04
79,Карачаево-Черкесия,11 932,2.56,224,6.04
80,Алтай,10 062,4.57,133,6.04
81,Магаданская обл.,10 060,7.18,117,6.04
82,Чукотский АО,7 244,14.4,224,6.04
83,Еврейская АО,7 008,4.43,533,6.04
84,Ненецкий АО,4 172,9.46,59,6.04
85,В России,12 905 940,5.31,185 945,6.04
