,Регион,Число прививок,% от населения,Прививок в день,Обновлено
0,Москва,1 200 000,10.53,32 857,11.04
1,Московская обл.,600 000,7.78,14 283,11.04
2,Санкт-Петербург,450 730,8.37,7 092,11.04
3,Краснодарский край,251 875,4.43,6 900,11.04
4,Свердловская обл.,242 000,5.64,4 465,11.04
5,Самарская обл.,208 000,6.59,4 710,11.04
6,Ростовская обл.,192 105,4.59,6 647,11.04
7,Нижегородская обл.,178 738,5.63,4 105,11.04
8,Татарстан,171 389,4.4,3 722,11.04
9,Башкортостан,169 218,4.22,3 610,11.04
10,Воронежская обл.,160 000,6.94,4 429,11.04
11,Красноярский край,145 906,5.11,1 592,11.04
12,Белгородская обл.,145 771,9.46,2 980,11.04
13,Челябинская обл.,144 242,4.19,3 530,11.04
14,Ставропольский край,130 000,4.65,3 286,11.04
15,Волгоградская обл.,129 000,5.21,5 122,11.04
16,Новосибирская обл.,125 000,4.49,3 112,11.04
17,Алтайский край,123 722,5.39,3 182,11.04
18,Саратовская обл.,120 979,5.05,2 299,11.04
19,Кемеровская обл.,120 000,4.56,2 300,11.04
20,Иркутская обл.,119 053,5.01,2 637,11.04
21,Пермский край,108 059,4.19,2 332,11.04
22,Оренбургская обл.,104 440,5.38,3 832,11.04
23,Омская обл.,99 955,5.25,2 563,11.04
24,Тульская обл.,93 500,6.45,2 281,11.04
25,Ленинградская обл.,88 912,4.7,2 435,11.04
26,Тверская обл.,88 855,7.13,1 342,11.04
27,Липецкая обл.,87 700,7.77,1 871,11.04
28,Ивановская обл.,83 722,8.48,1 836,11.04
29,Брянская обл.,82 834,7.0,1 500,11.04
30,Крым,82 763,4.35,1 509,11.04
31,Кировская обл.,80 815,6.46,3 402,11.04
32,Курская обл.,80 000,7.03,1 812,11.04
33,Ханты-Мансийский АО,79 871,4.73,2 793,11.04
34,Забайкальский край,73 630,6.99,2 382,11.04
35,Мордовия,73 548,9.44,1 913,11.04
36,Приморский край,72 134,3.84,1 315,11.04
37,Саха,70 946,7.22,1 474,11.04
38,Тюменская обл.,70 883,4.59,2 029,11.04
39,Пензенская обл.,69 406,5.38,1 511,11.04
40,Тамбовская обл.,68 522,6.89,1 180,11.04
41,Ульяновская обл.,66 374,5.45,2 376,11.04
42,Ярославская обл.,62 163,5.01,974,11.04
43,Амурская обл.,60 900,7.79,1 946,11.04
44,Владимирская обл.,60 000,4.47,800,11.04
45,Астраханская обл.,58 572,5.87,1 836,11.04
46,Удмуртия,57 566,3.85,1 335,11.04
47,Калужская обл.,57 236,5.72,1 319,11.04
48,Калининградская обл.,56 190,5.52,1 942,11.04
49,Рязанская обл.,52 960,4.82,923,11.04
50,Бурятия,52 473,5.32,1 341,11.04
51,Хабаровский край,52 442,4.03,1 045,11.04
52,Архангельская обл.,52 000,4.8,1 286,11.04
53,Вологодская обл.,48 650,4.23,1 471,11.04
54,Сахалинская обл.,45 870,9.45,778,11.04
55,Орловская обл.,43 094,5.95,1 013,11.04
56,Чувашия,43 000,3.56,1 360,11.04
57,Костромская обл.,42 500,6.76,1 071,11.04
58,Карелия,41 897,6.88,842,11.04
59,Томская обл.,41 896,3.91,1 027,11.04
60,Дагестан,39 404,1.26,1 306,11.04
61,Курганская обл.,39 028,4.77,1 207,11.04
62,Коми,38 000,4.67,1 143,11.04
63,Мурманская обл.,35 700,4.87,571,11.04
64,Смоленская обл.,35 500,3.85,981,11.04
65,Чечня,35 402,2.36,915,11.04
66,Ямало-Ненецкий АО,35 000,6.4,589,11.04
67,Новгородская обл.,32 700,5.52,858,11.04
68,Хакасия,28 242,5.31,717,11.04
69,Псковская обл.,28 000,4.51,571,11.04
70,Марий Эл,27 047,4.0,782,11.04
71,Севастополь,25 284,4.96,481,11.04
72,Северная Осетия,20 000,2.89,251,11.04
73,Кабардино-Балкария,20 000,2.3,571,11.04
74,Калмыкия,20 000,7.41,1 143,11.04
75,Тыва,18 676,5.65,891,11.04
76,Камчатский край,17 924,5.75,295,11.04
77,Адыгея,16 748,3.62,290,11.04
78,Ингушетия,16 170,3.14,284,11.04
79,Карачаево-Черкесия,15 265,3.28,476,11.04
80,Алтай,12 644,5.72,369,11.04
81,Магаданская обл.,10 060,7.24,0,11.04
82,Еврейская АО,7 869,5.03,220,11.04
83,Чукотский АО,7 243,14.62,234,11.04
84,Ненецкий АО,4 521,10.18,106,11.04
85,Всего в России,14 091 870,5.94,282 398,11.04
