,Регион,Число прививок,% от населения,Прививок в день,Обновлено
0,Москва,1 200 000,10.53,32 687,9.04
1,Московская обл.,545 000,7.07,17 857,9.04
2,Санкт-Петербург,432 625,8.04,6 903,9.04
3,Свердловская обл.,233 125,5.43,5 875,9.04
4,Краснодарский край,233 000,4.1,4 205,9.04
5,Самарская обл.,200 000,6.34,4 280,9.04
6,Нижегородская обл.,178 737,5.63,4 102,9.04
7,Ростовская обл.,174 630,4.18,5 927,9.04
8,Татарстан,162 887,4.18,3 532,9.04
9,Башкортостан,160 960,4.01,3 140,9.04
10,Воронежская обл.,160 000,6.94,4 429,9.04
11,Челябинская обл.,144 245,4.19,3 530,9.04
12,Белгородская обл.,139 242,9.03,2 970,9.04
13,Красноярский край,138 523,4.85,1 650,9.04
14,Волгоградская обл.,120 000,4.85,4 571,9.04
15,Новосибирская обл.,120 000,4.31,2 429,9.04
16,Кемеровская обл.,120 000,4.56,2 322,9.04
17,Ставропольский край,118 000,4.23,2 214,9.04
18,Саратовская обл.,117 722,4.92,1 834,9.04
19,Алтайский край,115 913,5.05,3 383,9.04
20,Иркутская обл.,110 504,4.65,2 173,9.04
21,Пермский край,103 713,4.02,2 526,9.04
22,Оренбургская обл.,100 000,5.15,3 198,9.04
23,Тульская обл.,93 500,6.45,2 281,9.04
24,Омская обл.,91 028,4.78,2 194,9.04
25,Ленинградская обл.,88 911,4.7,2 435,9.04
26,Липецкая обл.,87 700,7.77,1 871,9.04
27,Тверская обл.,85 048,6.83,1 255,9.04
28,Брянская обл.,81 029,6.85,1 576,9.04
29,Курская обл.,78 730,7.18,1 631,9.04
30,Ивановская обл.,78 622,7.97,1 488,9.04
31,Крым,77 755,4.09,1 090,9.04
32,Кировская обл.,75 938,6.07,2 705,9.04
33,Забайкальский край,73 630,6.99,2 382,9.04
34,Мордовия,70 651,9.07,2 072,9.04
35,Приморский край,70 366,3.75,1 254,9.04
36,Ханты-Мансийский АО,70 000,4.15,1 383,9.04
37,Пензенская обл.,68 523,5.31,3 168,9.04
38,Тамбовская обл.,66 709,6.71,1 101,9.04
39,Саха,63 255,6.44,866,9.04
40,Тюменская обл.,62 861,4.07,1 218,9.04
41,Ярославская обл.,62 163,5.01,974,9.04
42,Ульяновская обл.,60 000,4.92,2 004,9.04
43,Астраханская обл.,55 095,5.52,1 573,9.04
44,Владимирская обл.,54 400,4.05,961,9.04
45,Амурская обл.,54 085,6.92,973,9.04
46,Удмуртия,53 337,3.57,1 145,9.04
47,Калининградская обл.,53 226,5.23,1 519,9.04
48,Хабаровский край,52 442,4.03,1 045,9.04
49,Архангельская обл.,52 000,4.8,1 286,9.04
50,Калужская обл.,52 000,5.19,1 000,9.04
51,Бурятия,50 000,5.07,988,9.04
52,Рязанская обл.,50 000,4.55,984,9.04
53,Вологодская обл.,45 305,3.94,994,9.04
54,Сахалинская обл.,44 329,9.13,793,9.04
55,Чувашия,43 000,3.56,1 360,9.04
56,Карелия,41 897,6.88,842,9.04
57,Томская обл.,41 896,3.91,1 027,9.04
58,Орловская обл.,40 742,5.62,940,9.04
59,Курганская обл.,39 028,4.77,1 207,9.04
60,Костромская обл.,38 000,6.05,571,9.04
61,Дагестан,37 508,1.2,1 220,9.04
62,Мурманская обл.,35 700,4.87,571,9.04
63,Смоленская обл.,35 500,3.85,981,9.04
64,Чечня,35 402,2.36,915,9.04
65,Коми,35 019,4.3,827,9.04
66,Новгородская обл.,32 700,5.52,858,9.04
67,Ямало-Ненецкий АО,31 988,5.85,326,9.04
68,Псковская обл.,28 000,4.51,571,9.04
69,Хакасия,27 142,5.1,635,9.04
70,Марий Эл,27 047,4.0,780,9.04
71,Севастополь,24 518,4.81,463,9.04
72,Кабардино-Балкария,19 000,2.19,643,9.04
73,Тыва,18 676,5.65,891,9.04
74,Северная Осетия,18 244,2.63,477,9.04
75,Камчатский край,17 396,5.58,220,9.04
76,Адыгея,16 748,3.62,290,9.04
77,Ингушетия,16 170,3.14,284,9.04
78,Карачаево-Черкесия,13 600,2.92,238,9.04
79,Калмыкия,12 500,4.63,329,9.04
80,Алтай,11 575,5.24,271,9.04
81,Магаданская обл.,10 060,7.24,117,9.04
82,Чукотский АО,7 243,14.62,234,9.04
83,Еврейская АО,7 008,4.48,97,9.04
84,Ненецкий АО,4 347,9.79,81,9.04
85,Всего прививок в России,13 550 885,5.66,236 635,9.04
