,Регион,Число прививок,% от населения,Прививок в день,Обновлено
0,Москва,1 000 000,7.9,42 789,8.04
1,Московская обл.,545 000,7.07,17 855,8.04
2,Санкт-Петербург,423 595,7.87,6 740,8.04
3,Свердловская обл.,233 122,5.43,5 874,8.04
4,Краснодарский край,233 000,4.1,4 205,8.04
5,Самарская обл.,200 000,6.34,4 286,8.04
6,Ростовская обл.,168 003,4.02,5 752,8.04
7,Нижегородская обл.,165 268,5.2,4 110,8.04
8,Башкортостан,160 650,4.01,3 516,8.04
9,Татарстан,157 182,4.04,3 381,8.04
10,Воронежская обл.,147 000,6.38,3 000,8.04
11,Челябинская обл.,144 242,4.19,3 530,8.04
12,Красноярский край,138 523,4.85,1 650,8.04
13,Белгородская обл.,136 937,8.88,3 075,8.04
14,Кемеровская обл.,120 000,4.56,2 322,8.04
15,Ставропольский край,116 000,4.15,2 285,8.04
16,Новосибирская обл.,115 983,4.16,2 648,8.04
17,Саратовская обл.,114 650,4.79,1 797,8.04
18,Алтайский край,111 141,4.84,3 164,8.04
19,Иркутская обл.,106 550,4.49,1 906,8.04
20,Пермский край,100 613,3.9,2 489,8.04
21,Волгоградская обл.,100 000,4.04,3 200,8.04
22,Тульская обл.,93 500,6.45,2 281,8.04
23,Оренбургская обл.,91 274,4.7,2 366,8.04
24,Омская обл.,86 775,4.56,1 996,8.04
25,Липецкая обл.,85 509,7.58,1 558,8.04
26,Тверская обл.,83 183,6.68,1 155,8.04
27,Ленинградская обл.,83 000,4.39,2 456,8.04
28,Брянская обл.,78 763,6.66,1 252,8.04
29,Крым,77 755,4.09,1 090,8.04
30,Курская обл.,76 630,6.99,1 622,8.04
31,Ивановская обл.,76 083,7.71,1 382,8.04
32,Кировская обл.,71 000,5.69,3 255,8.04
33,Пензенская обл.,68 523,5.31,3 168,8.04
34,Мордовия,68 508,8.79,2 016,8.04
35,Приморский край,68 362,3.64,1 270,8.04
36,Тамбовская обл.,64 121,6.45,936,8.04
37,Саха,63 255,6.44,866,8.04
38,Тюменская обл.,62 861,4.07,1 218,8.04
39,Ярославская обл.,62 163,5.01,974,8.04
40,Ханты-Мансийский АО,60 364,3.58,411,8.04
41,Ульяновская обл.,60 000,4.92,2 004,8.04
42,Забайкальский край,60 000,5.7,1 270,8.04
43,Владимирская обл.,54 400,4.05,961,8.04
44,Амурская обл.,54 085,6.92,973,8.04
45,Астраханская обл.,52 968,5.31,1 512,8.04
46,Калужская обл.,52 000,5.19,1 000,8.04
47,Удмуртия,51 345,3.44,1 040,8.04
48,Хабаровский край,51 269,3.94,878,8.04
49,Рязанская обл.,50 000,4.55,984,8.04
50,Бурятия,50 000,5.07,988,8.04
51,Архангельская обл.,50 000,4.62,1 429,8.04
52,Вологодская обл.,45 305,3.94,994,8.04
53,Сахалинская обл.,43 402,8.94,691,8.04
54,Чувашия,43 000,3.56,1 360,8.04
55,Калининградская обл.,42 596,4.18,1 199,8.04
56,Томская обл.,41 896,3.91,1 027,8.04
57,Орловская обл.,40 742,5.62,940,8.04
58,Курганская обл.,39 028,4.77,1 207,8.04
59,Карелия,38 000,6.24,528,8.04
60,Костромская обл.,38 000,6.05,571,8.04
61,Дагестан,35 877,1.15,1 175,8.04
62,Мурманская обл.,35 700,4.87,571,8.04
63,Смоленская обл.,35 500,3.85,981,8.04
64,Чечня,35 402,2.36,915,8.04
65,Коми,35 019,4.3,827,8.04
66,Новгородская обл.,32 700,5.52,858,8.04
67,Ямало-Ненецкий АО,31 988,5.85,326,8.04
68,Псковская обл.,28 000,4.51,571,8.04
69,Марий Эл,27 047,4.0,782,8.04
70,Хакасия,26 003,4.89,583,8.04
71,Севастополь,23 810,4.67,464,8.04
72,Кабардино-Балкария,19 000,2.19,643,8.04
73,Северная Осетия,18 244,2.63,477,8.04
74,Камчатский край,16 612,5.33,151,8.04
75,Ингушетия,16 170,3.14,284,8.04
76,Адыгея,14 719,3.18,146,8.04
77,Тыва,14 100,4.27,237,8.04
78,Карачаево-Черкесия,13 600,2.92,238,8.04
79,Калмыкия,12 500,4.63,329,8.04
80,Алтай,10 977,4.97,222,8.04
81,Магаданская обл.,10 060,7.24,117,8.04
82,Чукотский АО,7 243,14.62,234,8.04
83,Еврейская АО,7 008,4.48,97,8.04
84,Ненецкий АО,4 348,9.79,81,8.04
85,Всего прививок в России,13 262 745,5.52,240 860,8.04
